date,open,high,low,adjClose,value,volume,count,close,jdate
2005-08-17,1800.0,1800.0,1800.0,1800.0,8730000000,4850000,3013,1800.0,1384-05-26
2005-08-20,1890.0,1890.0,1890.0,1890.0,4725000000,2500000,1324,1890.0,1384-05-29
2005-08-21,1984.0,1984.0,1984.0,1984.0,992000000,500000,358,1984.0,1384-05-30
2005-08-22,2083.0,2083.0,2083.0,2083.0,1041500000,500000,288,2083.0,1384-05-31
2005-08-23,2187.0,2187.0,2187.0,2187.0,610719750,279250,169,2187.0,1384-06-01
2005-08-24,2296.0,2296.0,2296.0,2296.0,462368480,201380,165,2296.0,1384-06-02
2005-08-27,2410.0,2410.0,2410.0,2410.0,638534320,264952,195,2410.0,1384-06-05
2005-08-28,2530.0,2530.0,2530.0,2530.0,708384820,279994,154,2530.0,1384-06-06
2005-08-29,2656.0,2656.0,2656.0,2656.0,123174656,46376,43,2656.0,1384-06-07
2005-08-30,2788.0,2788.0,2788.0,2788.0,1961497400,703550,516,2788.0,1384-06-08
2005-08-31,2927.0,2927.0,2927.0,2927.0,202226430,69090,68,2927.0,1384-06-09
2005-09-03,3073.0,3073.0,3073.0,3073.0,261708972,85164,73,3073.0,1384-06-12
2005-09-04,3226.0,3226.0,3226.0,3226.0,728463060,225810,161,3226.0,1384-06-13
2005-09-05,3387.0,3387.0,3387.0,3387.0,685640571,202433,202,3387.0,1384-06-14
2005-09-06,3556.0,3556.0,3556.0,3556.0,16570202572,4659787,2532,3556.0,1384-06-15
2005-09-25,3733.0,3733.0,1372.0,3468.0,6979347361,2012333,796,3468.0,1384-07-03
2005-09-26,3641.0,3641.0,3641.0,3641.0,4885927079,1341919,593,3641.0,1384-07-04
2005-09-27,3823.0,3823.0,3823.0,3823.0,1224178122,320214,191,3823.0,1384-07-05
2005-09-28,4014.0,4014.0,4014.0,4014.0,522851598,130257,60,4014.0,1384-07-06
2005-10-01,4214.0,4214.0,4204.0,4204.0,160174040,38010,25,4204.0,1384-07-09
2005-10-02,4414.0,4414.0,4414.0,4414.0,201477030,45645,27,4414.0,1384-07-10
2005-10-03,4634.0,4634.0,4634.0,4634.0,1521110500,328250,147,4634.0,1384-07-11
2005-10-04,4865.0,4865.0,4865.0,4865.0,1499981665,308321,149,4865.0,1384-07-12
2005-10-05,5108.0,5108.0,5108.0,5108.0,5635993528,1103366,366,5108.0,1384-07-13
2005-10-08,5363.0,5363.0,4950.0,5296.0,19310429282,3645636,1333,5296.0,1384-07-16
2005-10-09,5276.0,5296.0,5034.0,5065.0,5684733726,1122350,465,5065.0,1384-07-17
2005-10-10,5000.0,5030.0,4812.0,4916.0,2965149624,603052,275,4916.0,1384-07-18
2005-11-26,6995.0,7999.0,6000.0,6625.0,13830622101,2087418,858,6625.0,1384-09-05
2005-11-27,6956.0,6956.0,6493.0,6833.0,13177720399,1928595,612,6833.0,1384-09-06
2005-11-29,6697.0,6697.0,6697.0,6697.0,451417982,67406,24,6697.0,1384-09-08
2005-11-30,6564.0,6697.0,6564.0,6593.0,14124919750,2142384,518,6593.0,1384-09-09
2005-12-03,6606.0,6899.0,6462.0,6565.0,3391512025,516548,228,6565.0,1384-09-12
2005-12-04,6237.0,6241.0,6237.0,6237.0,1397999862,224126,84,6237.0,1384-09-13
2005-12-05,5926.0,6056.0,5926.0,6056.0,137988210,23285,10,6056.0,1384-09-14
2005-12-06,5754.0,5754.0,5754.0,5754.0,294190512,51128,17,5754.0,1384-09-15
2005-12-10,5467.0,5467.0,5467.0,5467.0,238361200,43600,14,5467.0,1384-09-19
2005-12-11,5194.0,5740.0,5194.0,5235.0,7132236039,1362355,421,5235.0,1384-09-20
2005-12-12,5251.0,5266.0,5031.0,5176.0,828784840,160093,78,5176.0,1384-09-21
2005-12-13,4965.0,5148.0,4918.0,4929.0,1544249336,313249,124,4929.0,1384-09-22
2005-12-14,5106.0,5175.0,4920.0,5159.0,1697461463,328973,112,5159.0,1384-09-23
2005-12-17,5362.0,5362.0,4902.0,5077.0,1747124291,344061,134,5077.0,1384-09-26
2005-12-18,5000.0,5096.0,4824.0,4852.0,1429573353,294603,110,4852.0,1384-09-27
2005-12-19,4950.0,5000.0,4611.0,4783.0,2884899405,603101,204,4783.0,1384-09-28
2005-12-20,4700.0,4700.0,4544.0,4560.0,1620260611,355272,158,4560.0,1384-09-29
2005-12-21,4533.0,4678.0,4533.0,4589.0,694256284,151286,65,4589.0,1384-09-30
2005-12-24,4658.0,4818.0,4658.0,4775.0,1023315518,214286,93,4775.0,1384-10-03
2005-12-25,4802.0,4888.0,4537.0,4635.0,2340277400,504822,135,4635.0,1384-10-04
2005-12-26,4635.0,4767.0,4603.0,4635.0,1697950628,366328,97,4635.0,1384-10-05
2005-12-27,4648.0,4700.0,4635.0,4664.0,230691665,49455,29,4664.0,1384-10-06
2005-12-28,4673.0,4750.0,4672.0,4707.0,660592248,140335,66,4707.0,1384-10-07
2005-12-31,4749.0,4800.0,4698.0,4737.0,554350989,117013,40,4737.0,1384-10-10
2006-01-01,4737.0,4900.0,4737.0,4838.0,965142020,199458,65,4838.0,1384-10-11
2006-01-02,4762.0,4950.0,4761.0,4909.0,1205983018,245631,57,4909.0,1384-10-12
2006-01-03,4889.0,4950.0,4820.0,4940.0,1179602695,238764,60,4940.0,1384-10-13
2006-01-04,4860.0,4940.0,4839.0,4908.0,511273537,104164,38,4908.0,1384-10-14
2006-01-07,4709.0,4831.0,4709.0,4831.0,73417065,15580,13,4831.0,1384-10-17
2006-01-08,4608.0,4829.0,4601.0,4691.0,364043455,77592,30,4691.0,1384-10-18
2006-01-09,4691.0,4795.0,4691.0,4764.0,265428315,55708,18,4764.0,1384-10-19
2006-01-10,4618.0,4734.0,4618.0,4732.0,137039150,29025,9,4732.0,1384-10-20
2006-01-14,4610.0,4610.0,4496.0,4521.0,424111235,93790,33,4521.0,1384-10-24
2006-01-15,4468.0,4468.0,4295.0,4337.0,312790850,72120,40,4337.0,1384-10-25
2006-01-16,4302.0,4302.0,4161.0,4208.0,302652580,71910,26,4208.0,1384-10-26
2006-01-17,4303.0,4394.0,4221.0,4361.0,344216479,78918,34,4361.0,1384-10-27
2006-01-18,4411.0,4411.0,4361.0,4392.0,205906445,46876,25,4392.0,1384-10-28
2006-01-21,4337.0,4374.0,4184.0,4374.0,19113192,4510,9,4374.0,1384-11-01
2006-01-22,4195.0,4341.0,4192.0,4341.0,35945410,8510,6,4341.0,1384-11-02
2006-01-23,4125.0,4196.0,4124.0,4196.0,109552544,26560,20,4196.0,1384-11-03
2006-01-24,4120.0,4124.0,4030.0,4090.0,197392099,48252,35,4090.0,1384-11-04
2006-01-25,4110.0,4140.0,4005.0,4096.0,67029870,16322,8,4096.0,1384-11-05
2006-01-28,4096.0,4096.0,4011.0,4095.0,826681355,201865,25,4095.0,1384-11-08
2006-01-29,4095.0,4266.0,4071.0,4125.0,236196059,57251,36,4125.0,1384-11-09
2006-01-30,4100.0,4331.0,4100.0,4279.0,9615088416,2318972,135,4279.0,1384-11-10
2006-01-31,4280.0,4280.0,4066.0,4114.0,9388218949,2240160,101,4114.0,1384-11-11
2006-02-01,4100.0,4235.0,4080.0,4172.0,337908506,80983,48,4172.0,1384-11-12
2006-02-04,4200.0,4200.0,4014.0,4098.0,193103755,47110,28,4098.0,1384-11-15
2006-02-05,3895.0,4040.0,3894.0,3899.0,1510575434,387396,122,3899.0,1384-11-16
2006-02-06,3894.0,3894.0,3760.0,3846.0,368059605,95682,48,3846.0,1384-11-17
2006-02-07,3803.0,3859.0,3800.0,3837.0,154574834,40282,33,3837.0,1384-11-18
2006-02-12,3750.0,3751.0,3646.0,3684.0,300266048,81484,25,3684.0,1384-11-23
2006-02-13,3511.0,3855.0,3500.0,3540.0,323597591,91392,33,3540.0,1384-11-24
2006-02-14,3470.0,3529.0,3470.0,3529.0,20855290,6010,4,3529.0,1384-11-25
2006-02-15,3459.0,3599.0,3459.0,3508.0,499263457,142283,45,3508.0,1384-11-26
2006-02-18,3578.0,3578.0,3578.0,3578.0,143120000,40000,13,3578.0,1384-11-29
2006-02-19,3649.0,3649.0,3649.0,3649.0,155275897,42553,9,3649.0,1384-11-30
2006-02-20,3721.0,3721.0,3719.0,3719.0,145141306,39006,11,3719.0,1384-12-01
2006-02-21,3793.0,3793.0,3719.0,3761.0,334187420,88850,48,3761.0,1384-12-02
2006-02-22,3686.0,3691.0,3686.0,3688.0,178441748,48381,18,3688.0,1384-12-03
2006-02-25,3650.0,3750.0,3615.0,3643.0,292402240,80250,28,3643.0,1384-12-06
2006-02-26,3715.0,3715.0,3620.0,3692.0,238237116,64514,20,3692.0,1384-12-07
2006-02-27,3765.0,3765.0,3765.0,3765.0,227078445,60313,27,3765.0,1384-12-08
2006-02-28,3840.0,3840.0,3750.0,3806.0,1031825149,271049,92,3806.0,1384-12-09
2006-03-01,3810.0,3882.0,3753.0,3854.0,450982655,116994,38,3854.0,1384-12-10
2006-03-04,3844.0,3844.0,3777.0,3777.0,188857688,50002,11,3777.0,1384-12-13
2006-03-05,3702.0,3749.0,3702.0,3744.0,78057930,21005,19,3744.0,1384-12-14
2006-03-06,3670.0,3678.0,3670.0,3678.0,129622780,35310,16,3678.0,1384-12-15
2006-03-07,3740.0,3751.0,3740.0,3750.0,258343625,68875,23,3750.0,1384-12-16
2006-03-08,3710.0,3721.0,3700.0,3721.0,98886390,26675,15,3721.0,1384-12-17
2006-03-18,3647.0,3715.0,3647.0,3715.0,10314396,2828,4,3715.0,1384-12-27
2006-03-25,3641.0,3740.0,3641.0,3645.0,853750417,234197,75,3645.0,1385-01-05
2006-03-26,3717.0,3717.0,3717.0,3717.0,186593400,50200,13,3717.0,1385-01-06
2006-03-27,3740.0,3740.0,3646.0,3698.0,103675563,28090,19,3698.0,1385-01-07
2006-03-28,3625.0,3682.0,3625.0,3682.0,31604320,8710,5,3682.0,1385-01-08
2006-04-04,3609.0,3681.0,3609.0,3681.0,1119510,310,2,3681.0,1385-01-15
2006-04-05,3608.0,3639.0,3608.0,3639.0,81216390,22510,4,3639.0,1385-01-16
2006-04-08,3572.0,3577.0,3567.0,3572.0,246334033,68948,24,3572.0,1385-01-19
2006-04-09,3537.0,3556.0,3522.0,3556.0,61924235,17510,12,3556.0,1385-01-20
2006-04-10,3503.0,3627.0,3503.0,3618.0,338790810,93640,43,3618.0,1385-01-21
2006-04-11,3580.0,3600.0,3546.0,3577.0,89140050,25086,22,3577.0,1385-01-22
2006-04-12,3596.0,3648.0,3590.0,3624.0,531491634,146632,48,3624.0,1385-01-23
2006-04-15,3624.0,3696.0,3624.0,3663.0,223161810,60920,19,3663.0,1385-01-26
2006-04-17,3736.0,3736.0,3699.0,3735.0,1186386910,317595,85,3735.0,1385-01-28
2006-04-18,3661.0,3680.0,3661.0,3668.0,574491180,156510,19,3668.0,1385-01-29
2006-04-19,3741.0,3741.0,3741.0,3741.0,155999700,41700,16,3741.0,1385-01-30
2006-04-22,3815.0,3815.0,3775.0,3775.0,70615250,18510,9,3775.0,1385-02-02
2006-04-23,3850.0,3850.0,3850.0,3850.0,354126850,91981,32,3850.0,1385-02-03
2006-04-24,3927.0,3927.0,3927.0,3927.0,158949252,40476,17,3927.0,1385-02-04
2006-04-25,4005.0,4005.0,3973.0,3973.0,95246590,23782,13,3973.0,1385-02-05
2006-04-26,4052.0,4052.0,4052.0,4052.0,178413612,44031,18,4052.0,1385-02-06
2006-04-29,4133.0,4133.0,4133.0,4133.0,174090226,42122,18,4133.0,1385-02-09
2006-04-30,4215.0,4215.0,4197.0,4214.0,1664872200,395020,170,4214.0,1385-02-10
2006-05-01,4298.0,4298.0,4298.0,4298.0,739221616,171992,49,4298.0,1385-02-11
2006-05-02,4383.0,4383.0,4383.0,4383.0,306810000,70000,26,4383.0,1385-02-12
2006-05-03,4470.0,4470.0,4470.0,4470.0,295632390,66137,29,4470.0,1385-02-13
2006-05-06,4559.0,4559.0,4514.0,4514.0,91225140,20010,6,4514.0,1385-02-16
2006-05-07,4604.0,4604.0,4604.0,4604.0,184160000,40000,16,4604.0,1385-02-17
2006-05-08,4696.0,4696.0,4604.0,4691.0,3864949988,823817,233,4691.0,1385-02-18
2006-05-09,4784.0,4784.0,4701.0,4783.0,1860520235,388941,140,4783.0,1385-02-19
2006-05-10,4878.0,4878.0,4878.0,4878.0,346333122,70999,31,4878.0,1385-02-20
2006-05-13,4975.0,4975.0,4975.0,4975.0,233825000,47000,22,4975.0,1385-02-23
2006-05-14,5074.0,5074.0,5069.0,5073.0,5170323888,1019026,388,5073.0,1385-02-24
2006-05-15,4972.0,5174.0,4972.0,5064.0,8736960690,1725062,478,5064.0,1385-02-25
2006-05-16,4963.0,4964.0,4963.0,4963.0,1213901170,244590,93,4963.0,1385-02-26
2006-05-17,4864.0,4864.0,4864.0,4864.0,218490880,44920,15,4864.0,1385-02-27
2006-05-20,4767.0,4767.0,4767.0,4767.0,243803448,51144,10,4767.0,1385-02-30
2006-05-21,4672.0,4672.0,4672.0,4672.0,296555200,63475,15,4672.0,1385-02-31
2006-05-22,4579.0,4580.0,4579.0,4580.0,180302714,39376,13,4580.0,1385-03-01
2006-05-23,4489.0,4556.0,4489.0,4556.0,47180060,10510,3,4556.0,1385-03-02
2006-05-24,4465.0,4637.0,4465.0,4476.0,6067568423,1355483,420,4476.0,1385-03-03
2006-05-27,4565.0,4565.0,4516.0,4516.0,82639705,18103,9,4516.0,1385-03-06
2006-05-28,4606.0,4606.0,4433.0,4551.0,1669073168,366678,167,4551.0,1385-03-07
2006-05-29,4480.0,4633.0,4460.0,4564.0,669109301,146585,74,4564.0,1385-03-08
2006-05-30,4473.0,4630.0,4473.0,4511.0,1952450045,432814,147,4511.0,1385-03-09
2006-05-31,4550.0,4599.0,4487.0,4515.0,539407669,119468,63,4515.0,1385-03-10
2006-06-03,4480.0,4481.0,4426.0,4442.0,520567451,117169,40,4442.0,1385-03-13
2006-06-06,4440.0,4500.0,4440.0,4451.0,308229088,69245,29,4451.0,1385-03-16
2006-06-07,4520.0,4540.0,4520.0,4539.0,552119150,121629,49,4539.0,1385-03-17
2006-06-10,4619.0,4629.0,4548.0,4600.0,1373955344,298669,105,4600.0,1385-03-20
2006-06-11,4650.0,4692.0,4611.0,4679.0,733251466,156689,76,4679.0,1385-03-21
2006-06-12,4769.0,4772.0,4631.0,4763.0,945713001,198514,75,4763.0,1385-03-22
2006-06-13,4763.0,4763.0,4668.0,4687.0,1101289745,234947,90,4687.0,1385-03-23
2006-06-14,4690.0,4780.0,4690.0,4737.0,976357621,206100,83,4737.0,1385-03-24
2006-06-17,4738.0,4827.0,4738.0,4746.0,817287656,172175,42,4746.0,1385-03-27
2006-06-18,4830.0,4840.0,4655.0,4792.0,622490998,129883,58,4792.0,1385-03-28
2006-06-19,4887.0,4887.0,4818.0,4886.0,5139652941,1051760,327,4886.0,1385-03-29
2006-06-20,4983.0,4983.0,4983.0,4983.0,333238125,66875,38,4983.0,1385-03-30
2006-06-21,5082.0,5082.0,4885.0,5073.0,4621445471,910987,314,5073.0,1385-03-31
2006-06-24,4974.0,5070.0,4972.0,5018.0,119916258,24065,18,5018.0,1385-04-03
2006-06-25,4918.0,4919.0,4918.0,4918.0,720979800,146600,58,4918.0,1385-04-04
2006-06-26,4892.0,4893.0,4820.0,4826.0,1806654862,374308,154,4826.0,1385-04-05
2006-06-27,4898.0,4900.0,4762.0,4825.0,338631348,70175,52,4825.0,1385-04-06
2006-06-28,4741.0,4784.0,4729.0,4734.0,240351000,50766,33,4734.0,1385-04-07
2006-07-01,4640.0,4729.0,4640.0,4642.0,427774806,92142,31,4642.0,1385-04-10
2006-07-02,4550.0,4630.0,4550.0,4582.0,398952353,87061,47,4582.0,1385-04-11
2006-07-03,4673.0,4673.0,4631.0,4631.0,103015518,22049,9,4631.0,1385-04-12
2006-07-04,4723.0,4723.0,4723.0,4723.0,239786710,50770,23,4723.0,1385-04-13
2006-07-05,4817.0,4817.0,4730.0,4806.0,573574306,119321,55,4806.0,1385-04-14
2006-07-08,4902.0,4902.0,4800.0,4874.0,539756284,110722,40,4874.0,1385-04-17
2006-07-09,4802.0,4802.0,4777.0,4784.0,717765729,150030,54,4784.0,1385-04-18
2006-07-10,4693.0,4748.0,4689.0,4690.0,632892797,134935,57,4690.0,1385-04-19
2006-07-11,4597.0,4780.0,4597.0,4635.0,3657161546,788914,226,4635.0,1385-04-20
2006-07-22,4495.0,4495.0,3800.0,4288.0,722559650,168479,48,4288.0,1385-04-31
2006-07-23,4373.0,4373.0,4369.0,4372.0,656421208,150115,45,4372.0,1385-05-01
2006-07-24,4459.0,4459.0,4402.0,4458.0,960235689,215361,83,4458.0,1385-05-02
2006-07-25,4547.0,4547.0,4547.0,4547.0,182325606,40098,11,4547.0,1385-05-03
2006-07-26,4637.0,4637.0,4475.0,4626.0,2438978845,527123,115,4626.0,1385-05-04
2006-07-29,4534.0,4597.0,4534.0,4597.0,55682684,12281,7,4597.0,1385-05-07
2006-07-30,4609.0,4688.0,4506.0,4635.0,1837385993,396415,149,4635.0,1385-05-08
2006-07-31,4727.0,4727.0,4727.0,4727.0,189080000,40000,17,4727.0,1385-05-09
2006-08-01,4821.0,4821.0,4727.0,4819.0,3311761624,687204,258,4819.0,1385-05-10
2006-08-02,4915.0,4915.0,4915.0,4915.0,241321585,49099,23,4915.0,1385-05-11
2006-08-05,5013.0,5013.0,4916.0,4990.0,3745816047,750525,297,4990.0,1385-05-14
2006-08-06,5000.0,5001.0,4891.0,4904.0,1755908186,358046,151,4904.0,1385-05-15
2006-08-07,4915.0,5002.0,4900.0,4950.0,5316142196,1078326,202,4950.0,1385-05-16
2006-08-09,5010.0,5049.0,4994.0,5030.0,930325557,184922,61,5030.0,1385-05-18
2006-08-12,5130.0,5130.0,5130.0,5130.0,220897800,43060,23,5130.0,1385-05-21
2006-08-13,5232.0,5232.0,5028.0,5140.0,4681455203,916553,264,5140.0,1385-05-22
2006-08-14,5178.0,5242.0,5144.0,5229.0,1206844401,230757,99,5229.0,1385-05-23
2006-08-15,5333.0,5333.0,5320.0,5331.0,1332638180,249977,113,5331.0,1385-05-24
2006-08-16,5430.0,5435.0,5335.0,5363.0,309686711,57737,48,5363.0,1385-05-25
2006-08-19,5257.0,5279.0,5256.0,5279.0,163992174,31199,9,5279.0,1385-05-28
2006-08-20,5174.0,5199.0,5174.0,5199.0,156756928,30297,18,5199.0,1385-05-29
2006-08-21,5096.0,5121.0,5096.0,5121.0,152931210,30010,7,5121.0,1385-05-30
2006-08-23,5121.0,5174.0,5078.0,5109.0,1096848518,214650,120,5109.0,1385-06-01
2006-08-26,5106.0,5198.0,5008.0,5065.0,748277885,147718,81,5065.0,1385-06-04
2006-08-27,5166.0,5166.0,5107.0,5165.0,1082365214,209548,81,5165.0,1385-06-05
2006-08-28,5267.0,5268.0,5200.0,5250.0,666618576,126951,56,5250.0,1385-06-06
2006-08-29,5355.0,5355.0,5353.0,5354.0,648208834,121049,81,5354.0,1385-06-07
2006-08-30,5461.0,5461.0,5400.0,5459.0,983216549,180086,70,5459.0,1385-06-08
2006-09-02,5568.0,5568.0,5568.0,5568.0,996733248,179011,62,5568.0,1385-06-11
2006-09-03,5679.0,5679.0,5679.0,5679.0,27287083890,4804910,296,5679.0,1385-06-12
2006-09-04,5792.0,5792.0,5681.0,5681.0,5848810,1010,3,5681.0,1385-06-13
2006-09-05,5794.0,5794.0,5794.0,5794.0,238481040,41160,23,5794.0,1385-06-14
2006-09-06,5909.0,5909.0,5909.0,5909.0,295444091,49999,25,5909.0,1385-06-15
2006-09-10,6027.0,6027.0,5909.0,6026.0,8982756997,1490441,327,6026.0,1385-06-19
2006-09-11,6146.0,6146.0,6145.0,6145.0,7255378518,1180668,62,6145.0,1385-06-20
2006-09-12,6267.0,6267.0,6267.0,6267.0,347881170,55510,18,6267.0,1385-06-21
2006-09-13,6392.0,6392.0,6266.0,6378.0,26452399590,4146845,1007,6378.0,1385-06-22
2006-09-16,6488.0,6505.0,6400.0,6501.0,6855808660,1054195,220,6501.0,1385-06-25
2006-09-17,6505.0,6628.0,6371.0,6403.0,565887194,88366,54,6403.0,1385-06-26
2006-09-18,6275.0,6275.0,6275.0,6275.0,253685700,40428,12,6275.0,1385-06-27
2006-09-19,6200.0,6400.0,6150.0,6200.0,6323698336,1019941,431,6200.0,1385-06-28
2006-09-20,6104.0,6198.0,6076.0,6114.0,3213464103,525533,246,6114.0,1385-06-29
2006-09-23,6114.0,6236.0,6114.0,6190.0,1980562669,319941,149,6190.0,1385-07-01
2006-09-24,6150.0,6313.0,6147.0,6235.0,3223182871,516878,149,6235.0,1385-07-02
2006-09-25,6359.0,6359.0,6350.0,6358.0,2683866815,422075,135,6358.0,1385-07-03
2006-09-26,6485.0,6485.0,6322.0,6415.0,1222705315,190590,78,6415.0,1385-07-04
2006-09-27,6417.0,6417.0,6288.0,6355.0,4521147565,709134,133,6355.0,1385-07-05
2006-09-30,6260.0,6428.0,6260.0,6389.0,1362699388,213284,90,6389.0,1385-07-08
2006-10-01,6389.0,6389.0,6262.0,6269.0,2289257044,365162,117,6269.0,1385-07-09
2006-10-02,6336.0,6336.0,6208.0,6263.0,1040705502,166146,77,6263.0,1385-07-10
2006-10-03,6186.0,6210.0,6168.0,6200.0,438588049,70737,30,6200.0,1385-07-11
2006-10-04,6171.0,6197.0,6080.0,6117.0,1285683742,210150,80,6117.0,1385-07-12
2006-10-07,6120.0,6190.0,6020.0,6101.0,670640661,109909,47,6101.0,1385-07-15
2006-10-08,6000.0,6000.0,5979.0,5979.0,3904014372,652896,181,5979.0,1385-07-16
2006-10-09,5872.0,5897.0,5860.0,5864.0,1541627648,262880,94,5864.0,1385-07-17
2006-10-10,5751.0,5859.0,5747.0,5752.0,335722132,58358,36,5752.0,1385-07-18
2006-10-11,5637.0,5860.0,5637.0,5639.0,1934499511,343043,115,5639.0,1385-07-19
2006-10-14,5751.0,5751.0,5550.0,5678.0,903095096,159037,75,5678.0,1385-07-22
2006-10-16,5569.0,5750.0,5565.0,5574.0,593199507,106413,60,5574.0,1385-07-24
2006-10-17,5636.0,5685.0,5630.0,5649.0,574704588,101727,38,5649.0,1385-07-25
2006-10-18,5761.0,5761.0,5758.0,5760.0,334517472,58069,34,5760.0,1385-07-26
2006-10-21,5875.0,5875.0,5832.0,5832.0,147485570,25104,9,5832.0,1385-07-29
2006-10-22,5948.0,5948.0,5948.0,5948.0,420594976,70712,25,5948.0,1385-07-30
2006-10-23,6066.0,6066.0,5982.0,5982.0,69515520,11460,9,5982.0,1385-08-01
2006-10-28,6101.0,6101.0,6101.0,6101.0,315195963,51663,28,6101.0,1385-08-06
2006-10-29,6223.0,6223.0,5979.0,6103.0,3375984669,553100,178,6103.0,1385-08-07
2006-10-30,5981.0,6137.0,5981.0,6080.0,631054403,103779,57,6080.0,1385-08-08
2006-10-31,5962.0,6073.0,5959.0,5967.0,441015552,73900,39,5967.0,1385-08-09
2006-11-01,6058.0,6086.0,6040.0,6069.0,292794714,48238,33,6069.0,1385-08-10
2006-11-04,6185.0,6190.0,5948.0,6005.0,715328070,119105,47,6005.0,1385-08-13
2006-11-05,5885.0,6060.0,5885.0,5905.0,522714181,88513,41,5905.0,1385-08-14
2006-11-06,6023.0,6023.0,5905.0,6017.0,681387932,113234,72,6017.0,1385-08-15
2006-11-07,5960.0,6100.0,5956.0,6044.0,377782210,62496,42,6044.0,1385-08-16
2006-11-08,6046.0,6089.0,6031.0,6042.0,201569441,33358,35,6042.0,1385-08-17
2006-11-11,6042.0,6100.0,6003.0,6037.0,1092875668,181026,81,6037.0,1385-08-20
2006-11-12,6100.0,6100.0,5917.0,5950.0,783482586,131669,60,5950.0,1385-08-21
2006-11-13,5922.0,6048.0,5921.0,5947.0,168507081,28338,22,5947.0,1385-08-22
2006-11-14,5989.0,6040.0,5956.0,6014.0,347356909,57752,25,6014.0,1385-08-23
2006-11-15,6029.0,6130.0,6029.0,6077.0,385720088,63468,29,6077.0,1385-08-24
2006-11-18,6099.0,6102.0,6074.0,6096.0,504049671,82674,34,6096.0,1385-08-27
2006-11-19,6165.0,6165.0,6011.0,6140.0,578759935,94258,44,6140.0,1385-08-28
2006-11-20,6074.0,6129.0,6050.0,6088.0,450455913,73983,31,6088.0,1385-08-29
2006-11-21,6099.0,6150.0,6050.0,6088.0,241625169,39684,22,6088.0,1385-08-30
2006-11-22,6105.0,6110.0,6051.0,6104.0,335792524,55006,21,6104.0,1385-09-01
2006-11-25,6139.0,6140.0,6100.0,6112.0,666102820,108977,35,6112.0,1385-09-04
2006-11-26,6081.0,6150.0,6050.0,6079.0,701128690,115332,49,6079.0,1385-09-05
2006-11-27,6000.0,6000.0,5958.0,5969.0,489851200,82055,26,5969.0,1385-09-06
2006-11-28,6008.0,6008.0,5888.0,5959.0,448092762,75190,34,5959.0,1385-09-07
2006-11-29,5970.0,6011.0,5852.0,5909.0,1120254415,189583,62,5909.0,1385-09-08
2006-12-02,5909.0,5910.0,5832.0,5904.0,503540233,85287,37,5904.0,1385-09-11
2006-12-03,5904.0,5930.0,5900.0,5906.0,658534567,111486,50,5906.0,1385-09-12
2006-12-04,5999.0,6020.0,5906.0,5975.0,374115952,62611,26,5975.0,1385-09-13
2006-12-05,5856.0,5952.0,5856.0,5952.0,48517728,8270,8,5952.0,1385-09-14
2006-12-06,5952.0,6020.0,5900.0,5992.0,500216818,83477,35,5992.0,1385-09-15
2006-12-09,6000.0,6016.0,5873.0,5887.0,722530848,122726,28,5887.0,1385-09-18
2006-12-10,5888.0,5986.0,5776.0,5879.0,50810473,8683,12,5879.0,1385-09-19
2006-12-11,5850.0,5869.0,5821.0,5857.0,723429240,123501,30,5857.0,1385-09-20
2006-12-12,5782.0,5784.0,5740.0,5759.0,571355590,99210,32,5759.0,1385-09-21
2006-12-13,5645.0,5770.0,5645.0,5724.0,456887640,79817,31,5724.0,1385-09-22
2006-12-16,5678.0,5800.0,5650.0,5719.0,185060802,32363,18,5719.0,1385-09-25
2006-12-17,5830.0,5833.0,5790.0,5790.0,147448000,25280,9,5790.0,1385-09-26
2006-12-18,5833.0,5904.0,5833.0,5895.0,245527420,41649,15,5895.0,1385-09-27
2006-12-19,6012.0,6012.0,6008.0,6011.0,403654775,67143,30,6011.0,1385-09-28
2006-12-20,6011.0,6131.0,5891.0,6018.0,342683465,56940,27,6018.0,1385-09-29
2006-12-23,5900.0,5988.0,5898.0,5988.0,59049880,10010,7,5988.0,1385-10-02
2006-12-24,5869.0,5985.0,5869.0,5985.0,5928850,1010,2,5985.0,1385-10-03
2007-01-03,5866.0,5866.0,5866.0,5866.0,244582870,41695,13,5866.0,1385-10-13
2007-01-06,5749.0,5852.0,5749.0,5852.0,27653720,4810,4,5852.0,1385-10-16
2007-01-07,5735.0,5791.0,5735.0,5791.0,120492910,21010,10,5791.0,1385-10-17
2007-01-09,5676.0,5758.0,5676.0,5758.0,65331580,11510,8,5758.0,1385-10-19
2007-01-10,5643.0,5751.0,5643.0,5751.0,13600710,2410,3,5751.0,1385-10-20
2007-01-13,5636.0,5740.0,5636.0,5740.0,20995140,3725,2,5740.0,1385-10-23
2007-01-16,5626.0,5712.0,5626.0,5712.0,56317120,10010,3,5712.0,1385-10-26
2007-01-17,5598.0,5643.0,5598.0,5603.0,1065550078,190143,64,5603.0,1385-10-27
2007-01-22,5491.0,5491.0,5491.0,5491.0,679950530,123830,17,5491.0,1385-11-02
2007-02-03,5382.0,5436.0,5382.0,5436.0,108141066,20093,7,5436.0,1385-11-14
2007-02-04,5329.0,5369.0,5328.0,5369.0,133258690,25010,7,5369.0,1385-11-15
2007-02-06,5300.0,5341.0,5262.0,5341.0,56383410,10710,7,5341.0,1385-11-17
2007-02-07,5235.0,5382.0,5235.0,5304.0,481764166,90822,30,5304.0,1385-11-18
2007-02-10,5410.0,5410.0,5201.0,5335.0,175743070,32898,11,5335.0,1385-11-21
2007-02-12,5229.0,5325.0,5229.0,5325.0,19766580,3780,3,5325.0,1385-11-23
2007-02-13,5250.0,5385.0,5219.0,5239.0,177363550,33946,14,5239.0,1385-11-24
2007-02-14,5299.0,5343.0,5299.0,5339.0,278448010,52150,15,5339.0,1385-11-25
2007-02-17,5339.0,5339.0,5339.0,5339.0,80960596,15164,4,5339.0,1385-11-28
2007-02-18,5339.0,5340.0,5339.0,5339.0,71513610,13393,6,5339.0,1385-11-29
2007-02-19,5378.0,5388.0,5354.0,5354.0,67444728,12522,4,5354.0,1385-11-30
2007-02-20,5368.0,5369.0,5355.0,5355.0,8106774,1510,3,5355.0,1385-12-01
2007-02-21,5400.0,5415.0,5355.0,5380.0,146142994,27101,11,5380.0,1385-12-02
2007-02-24,5400.0,5462.0,5380.0,5391.0,88002960,16273,8,5391.0,1385-12-05
2007-02-25,5290.0,5498.0,5290.0,5424.0,79837140,14560,10,5424.0,1385-12-06
2007-02-26,5424.0,5424.0,5424.0,5424.0,25427712,4688,4,5424.0,1385-12-07
2007-02-28,5454.0,5454.0,5424.0,5428.0,37754632,6933,10,5428.0,1385-12-09
2007-03-03,5535.0,5536.0,5530.0,5533.0,508884382,91962,21,5533.0,1385-12-12
2007-03-04,5643.0,5643.0,5643.0,5643.0,1139886000,202000,46,5643.0,1385-12-13
2007-04-09,5755.0,5755.0,5700.0,5749.0,1082706230,188324,45,5749.0,1386-01-20
2007-04-10,5708.0,5709.0,5642.0,5698.0,948627756,166446,17,5698.0,1386-01-21
2007-04-11,5698.0,5721.0,5698.0,5702.0,8865097952,1552687,51,5702.0,1386-01-22
2007-04-14,5800.0,5816.0,5749.0,5815.0,417888023,71862,18,5815.0,1386-01-25
2007-04-15,5704.0,5806.0,5704.0,5806.0,19166460,3360,3,5806.0,1386-01-26
2007-04-16,5690.0,5720.0,5690.0,5702.0,683774870,119905,36,5702.0,1386-01-27
2007-04-17,5596.0,5675.0,5591.0,5675.0,56686753,10133,9,5675.0,1386-01-28
2007-04-18,5563.0,5641.0,5562.0,5641.0,67189188,12079,5,5641.0,1386-01-29
2007-04-21,5753.0,5753.0,5641.0,5641.0,10267740,1820,3,5641.0,1386-02-01
2007-04-23,5641.0,5700.0,5529.0,5646.0,47712040,8425,8,5646.0,1386-02-03
2007-04-24,5740.0,5740.0,5534.0,5647.0,8563470,1510,3,5647.0,1386-02-04
2007-04-28,5536.0,5632.0,5535.0,5632.0,28838338,5210,5,5632.0,1386-02-08
2007-04-29,5520.0,5520.0,5520.0,5520.0,611124720,110711,24,5520.0,1386-02-09
2007-05-01,5410.0,5488.0,5410.0,5488.0,62269880,11510,4,5488.0,1386-02-11
2007-05-02,5520.0,5520.0,5381.0,5492.0,107855074,19622,10,5492.0,1386-02-12
2007-05-05,5384.0,5479.0,5384.0,5479.0,26436390,4910,2,5479.0,1386-02-15
2007-05-09,5370.0,5375.0,5370.0,5375.0,1646995160,306703,12,5375.0,1386-02-19
2007-05-13,5268.0,5311.0,5268.0,5311.0,126190102,23954,10,5311.0,1386-02-23
2007-05-14,5206.0,5417.0,5205.0,5303.0,98855736,18672,9,5303.0,1386-02-24
2007-05-15,5303.0,5409.0,5303.0,5307.0,13469570,2510,4,5307.0,1386-02-25
2007-05-16,5201.0,5307.0,5201.0,5307.0,544098324,104532,3,5307.0,1386-02-26
2007-05-20,5202.0,5305.0,5202.0,5305.0,4330238,832,4,5305.0,1386-02-30
2007-05-21,5199.0,5281.0,5199.0,5263.0,130824175,24976,14,5263.0,1386-02-31
2007-05-26,5262.0,5300.0,5262.0,5263.0,1690706203,321271,23,5263.0,1386-03-05
2007-05-27,5300.0,5300.0,5300.0,5300.0,234790000,44300,6,5300.0,1386-03-06
2007-05-29,5299.0,5300.0,5299.0,5300.0,72248600,13632,10,5300.0,1386-03-08
2007-06-02,5390.0,5400.0,5356.0,5356.0,123966807,22963,8,5356.0,1386-03-12
2007-06-03,5462.0,5463.0,5363.0,5363.0,14753372,2701,3,5363.0,1386-03-13
2007-06-09,5363.0,5363.0,5363.0,5363.0,134075000,25000,3,5363.0,1386-03-19
2007-06-10,5450.0,5470.0,5379.0,5379.0,33946790,6210,5,5379.0,1386-03-20
2007-06-11,5486.0,5486.0,5433.0,5433.0,109774330,20010,3,5433.0,1386-03-21
2007-06-12,5540.0,5540.0,5433.0,5433.0,530770,96,2,5433.0,1386-03-22
2007-06-13,5539.0,5541.0,5496.0,5496.0,130245420,23508,14,5496.0,1386-03-23
2007-06-16,5605.0,5605.0,5571.0,5571.0,154462250,27558,7,5571.0,1386-03-26
2007-06-17,5682.0,5682.0,5666.0,5666.0,194733344,34272,14,5666.0,1386-03-27
2007-06-19,5779.0,5779.0,5779.0,5779.0,243665756,42164,14,5779.0,1386-03-29
2007-06-20,5850.0,5866.0,5788.0,5788.0,26039366,4441,7,5788.0,1386-03-30
2007-06-23,5903.0,5903.0,5800.0,5800.0,23670000,4010,3,5800.0,1386-04-02
2007-06-24,5810.0,5810.0,5807.0,5807.0,169255114,29132,14,5807.0,1386-04-03
2007-06-26,5808.0,5810.0,5805.0,5806.0,146590829,25247,15,5806.0,1386-04-05
2007-06-27,5806.0,5806.0,5806.0,5806.0,733588100,126350,38,5806.0,1386-04-06
2007-06-30,5806.0,5806.0,5806.0,5806.0,70090032,12072,5,5806.0,1386-04-09
2007-07-01,5870.0,5922.0,5870.0,5919.0,2553320840,431205,30,5919.0,1386-04-10
2007-07-02,5919.0,6037.0,5919.0,5959.0,161048770,26940,7,5959.0,1386-04-11
2007-09-23,5402.0,5990.0,5350.0,5419.0,7081972126,1306873,202,5419.0,1386-07-01
2007-09-24,5527.0,5527.0,5526.0,5526.0,313787888,56774,22,5526.0,1386-07-02
2007-09-25,5629.0,5630.0,5536.0,5536.0,22573360,4010,3,5536.0,1386-07-03
2007-09-26,5541.0,5545.0,5537.0,5537.0,29218270,5273,9,5537.0,1386-07-04
2007-09-29,5530.0,5640.0,5530.0,5633.0,226460090,40202,15,5633.0,1386-07-07
2007-09-30,5634.0,5745.0,5634.0,5708.0,166750584,29066,15,5708.0,1386-07-08
2007-10-01,5822.0,6500.0,5708.0,5781.0,21968126368,3384147,14,5781.0,1386-07-09
2007-10-02,5896.0,5896.0,5781.0,5781.0,824290,140,2,5781.0,1386-07-10
2007-10-06,5896.0,5896.0,5847.0,5847.0,136203006,23101,13,5847.0,1386-07-14
2007-10-07,5963.0,5963.0,5963.0,5963.0,1700719156,285212,9,5963.0,1386-07-15
2007-10-08,6082.0,6082.0,5966.0,5966.0,6722860,1110,4,5966.0,1386-07-16
2007-10-09,5966.0,5967.0,5966.0,5966.0,306654391,51399,19,5966.0,1386-07-17
2007-10-10,5967.0,6020.0,5966.0,6003.0,857502008,142844,22,6003.0,1386-07-18
2007-10-15,6000.0,6000.0,5883.0,5967.0,71314650,12120,8,5967.0,1386-07-23
2007-10-16,5848.0,5848.0,5848.0,5848.0,292400000,50000,14,5848.0,1386-07-24
2007-10-17,5732.0,5848.0,5732.0,5817.0,202081626,34768,18,5817.0,1386-07-25
2007-10-20,5821.0,5830.0,5817.0,5818.0,155734930,26760,6,5818.0,1386-07-28
2007-10-21,5817.0,5934.0,5817.0,5931.0,3099810606,522633,78,5931.0,1386-07-29
2007-10-22,5997.0,6000.0,5941.0,5941.0,35492545,5917,6,5941.0,1386-07-30
2007-10-23,5941.0,5941.0,5941.0,5941.0,8317400,1400,2,5941.0,1386-08-01
2007-10-28,5823.0,6500.0,5823.0,5890.0,6894267476,1062471,8,5890.0,1386-08-06
2007-10-29,5773.0,5846.0,5773.0,5846.0,87300036,15122,7,5846.0,1386-08-07
2007-11-03,5960.0,5960.0,5856.0,5856.0,20918560,3510,2,5856.0,1386-08-12
2007-11-04,5973.0,5973.0,5875.0,5875.0,37867840,6340,5,5875.0,1386-08-13
2007-11-05,5992.0,5992.0,5992.0,5992.0,404579840,67520,12,5992.0,1386-08-14
2007-11-07,6027.0,6111.0,6000.0,6034.0,182410627,30156,7,6034.0,1386-08-16
2007-11-10,6034.0,6150.0,6034.0,6048.0,42015618,6867,3,6048.0,1386-08-19
2007-11-11,6166.0,6167.0,6113.0,6113.0,135733130,22010,4,6113.0,1386-08-20
2007-11-12,6109.0,6112.0,6109.0,6112.0,64172850,10503,6,6112.0,1386-08-21
2007-11-13,6006.0,6111.0,6006.0,6111.0,3322368,553,2,6111.0,1386-08-22
2007-11-14,5989.0,6098.0,5989.0,6098.0,26322745,4395,6,6098.0,1386-08-23
2007-11-25,6050.0,6050.0,5977.0,6000.0,206952982,34576,13,6000.0,1386-09-04
2007-11-26,6000.0,6120.0,6000.0,6006.0,15900060,2610,3,6006.0,1386-09-05
2007-11-27,6126.0,6126.0,6030.0,6030.0,49068300,8010,3,6030.0,1386-09-06
2007-12-01,6150.0,6150.0,6150.0,6150.0,246000000,40000,6,6150.0,1386-09-10
2007-12-02,6273.0,6273.0,6273.0,6273.0,250920000,40000,6,6273.0,1386-09-11
2007-12-04,6398.0,6398.0,6336.0,6336.0,128023360,20010,5,6336.0,1386-09-13
2007-12-05,6398.0,6398.0,6367.0,6367.0,128023670,20010,3,6367.0,1386-09-14
2007-12-08,6367.0,6367.0,6367.0,6367.0,19693131,3093,2,6367.0,1386-09-17
2007-12-09,6367.0,6367.0,6367.0,6367.0,17827600,2800,1,6367.0,1386-09-18
2007-12-18,6494.0,6494.0,6435.0,6435.0,139756784,21521,12,6435.0,1386-09-27
2007-12-19,6563.0,6563.0,6563.0,6563.0,267114100,40700,10,6563.0,1386-09-28
2007-12-24,6563.0,6563.0,6563.0,6563.0,65630000,10000,1,6563.0,1386-10-03
2008-01-13,6432.0,6550.0,6432.0,6522.0,129671110,20010,7,6522.0,1386-10-23
2008-02-16,7100.0,7150.0,7100.0,7115.0,782789050,110010,33,7115.0,1386-11-27
2008-02-18,7115.0,7115.0,7109.0,7112.0,207878427,29230,9,7112.0,1386-11-29
2008-02-19,6970.0,7083.0,6970.0,7083.0,56318730,8080,4,7083.0,1386-11-30
2008-02-24,6942.0,7065.0,6942.0,7065.0,35127750,5060,2,7065.0,1386-12-05
2008-03-02,6924.0,7008.0,6924.0,7008.0,112377360,16230,5,7008.0,1386-12-12
2008-03-30,7035.0,7050.0,7035.0,7044.0,176178910,25011,8,7044.0,1387-01-11
2008-04-05,7184.0,7184.0,7065.0,7065.0,43174650,6010,2,7065.0,1387-01-17
2008-04-06,7190.0,7206.0,7072.0,7072.0,14533000,2020,5,7072.0,1387-01-18
2008-04-07,7213.0,7213.0,7111.0,7111.0,80149836,11112,3,7111.0,1387-01-19
2008-04-08,7253.0,7253.0,7253.0,7253.0,293746500,40500,5,7253.0,1387-01-20
2008-04-09,7253.0,7398.0,7253.0,7378.0,343358865,46536,8,7378.0,1387-01-21
2008-04-12,7300.0,7525.0,7300.0,7472.0,462076420,61839,8,7472.0,1387-01-24
2008-04-13,7323.0,7462.0,7323.0,7462.0,19846720,2710,2,7462.0,1387-01-25
2008-04-14,7461.0,7461.0,7460.0,7460.0,339969660,45571,5,7460.0,1387-01-26
2008-04-19,7385.0,7423.0,7385.0,7423.0,147774230,20010,3,7423.0,1387-01-31
2008-04-23,7275.0,7275.0,7275.0,7275.0,291000000,40000,9,7275.0,1387-02-04
2008-04-26,7130.0,7130.0,7130.0,7130.0,285200000,40000,9,7130.0,1387-02-07
2008-04-27,6988.0,7063.0,6988.0,7063.0,131011774,18748,8,7063.0,1387-02-08
2008-04-30,6922.0,7130.0,6922.0,7063.0,13370314,1892,3,7063.0,1387-02-11
2008-05-06,7063.0,7063.0,6993.0,7000.0,315105000,45010,7,7000.0,1387-02-17
2008-05-07,7140.0,7140.0,7140.0,7140.0,6206523540,869261,34,7140.0,1387-02-18
2008-05-10,7140.0,7140.0,7140.0,7140.0,5105100000,715000,5,7140.0,1387-02-21
2008-05-11,7200.0,7200.0,7139.0,7140.0,8248600073,1155263,27,7140.0,1387-02-22
2008-05-12,7350.0,7354.0,7350.0,7353.0,303788530,41310,10,7353.0,1387-02-23
2008-05-13,7573.0,7573.0,7573.0,7573.0,378642427,49999,18,7573.0,1387-02-24
2008-05-14,7800.0,7800.0,7800.0,7800.0,396630000,50850,25,7800.0,1387-02-25
2008-05-17,8034.0,8034.0,8034.0,8034.0,3214483740,400110,61,8034.0,1387-02-28
2008-05-18,8275.0,8275.0,8275.0,8275.0,2896250000,350000,60,8275.0,1387-02-29
2008-05-19,8523.0,8523.0,8523.0,8523.0,2732942565,320655,55,8523.0,1387-02-30
2008-05-20,8752.0,8778.0,8750.0,8774.0,2084457192,237560,86,8774.0,1387-02-31
2008-05-21,9037.0,9037.0,9037.0,9037.0,9817841985,1086405,33,9037.0,1387-03-01
2008-05-24,9308.0,9308.0,9240.0,9307.0,6756399090,725927,129,9307.0,1387-03-04
2008-05-25,9250.0,9299.0,9028.0,9299.0,13098490,1440,4,9299.0,1387-03-05
2008-06-02,9299.0,9299.0,9021.0,9157.0,185103996,20516,17,9157.0,1387-03-13
2008-06-09,8883.0,9149.0,8883.0,9149.0,10040450,1130,2,9149.0,1387-03-20
2008-06-10,8875.0,9157.0,8875.0,8963.0,1950999221,215165,30,8963.0,1387-03-21
2008-06-22,8695.0,8695.0,8695.0,8695.0,434750000,50000,17,8695.0,1387-04-02
2008-06-28,8435.0,8435.0,8435.0,8435.0,404880000,48000,17,8435.0,1387-04-08
2008-07-01,8182.0,8432.0,8182.0,8432.0,3578034,437,2,8432.0,1387-04-11
2008-07-02,8600.0,8600.0,8434.0,8434.0,4384340,510,3,8434.0,1387-04-12
2008-07-05,8500.0,8500.0,8434.0,8434.0,976840,115,2,8434.0,1387-04-15
2008-07-23,7600.0,7610.0,7600.0,7603.0,114126030,15010,3,7603.0,1387-05-02
2008-07-26,7603.0,7603.0,7603.0,7603.0,13228376067,1739889,4,7603.0,1387-05-05
2008-07-27,7600.0,7603.0,7600.0,7603.0,83630,11,2,7603.0,1387-05-06
2008-07-28,7580.0,7594.0,7580.0,7594.0,113775940,15010,3,7594.0,1387-05-07
2008-09-08,7350.0,7367.0,7350.0,7354.0,147158540,20010,9,7354.0,1387-06-18
2008-09-10,7134.0,7574.0,7134.0,7441.0,754090239,101330,20,7441.0,1387-06-20
2008-09-13,7650.0,7660.0,7574.0,7632.0,429032120,56210,15,7632.0,1387-06-23
2008-09-14,7599.0,7860.0,7597.0,7716.0,780535382,101150,20,7716.0,1387-06-24
2008-09-15,7597.0,7947.0,7597.0,7772.0,777325507,100010,16,7772.0,1387-06-25
2008-09-16,7740.0,7766.0,7700.0,7766.0,50560425,6535,5,7766.0,1387-06-26
2008-09-17,7534.0,7998.0,7534.0,7627.0,18491413590,2315995,16,7627.0,1387-06-27
2008-09-20,7627.0,7855.0,7626.0,7734.0,16703960809,2130057,27,7734.0,1387-06-30
2008-09-24,7734.0,7734.0,7734.0,7734.0,54138000,7000,3,7734.0,1387-07-03
2008-10-20,7502.0,7734.0,7502.0,7734.0,827540,110,2,7734.0,1387-07-29
2008-12-20,7502.0,7502.0,7502.0,7734.0,37510,5,1,7502.0,1387-09-30
2008-12-28,7400.0,7400.0,7400.0,7400.0,51023000,6895,2,7400.0,1387-10-08
2009-05-11,7178.0,7178.0,7178.0,7400.0,71780,10,1,7178.0,1388-02-21
2009-06-06,7178.0,7178.0,7178.0,7178.0,287120000,40000,10,7178.0,1388-03-16
2009-06-16,6963.0,6963.0,6963.0,6963.0,5765364000,828000,353,6963.0,1388-03-26
2009-06-17,6755.0,6755.0,6755.0,6755.0,6501687500,962500,106,6755.0,1388-03-27
2009-06-22,6553.0,6553.0,6553.0,6553.0,2426248250,370250,197,6553.0,1388-04-01
2009-06-23,6357.0,6357.0,6357.0,6542.0,13985400,2200,1,6357.0,1388-04-02
2009-06-24,6346.0,6346.0,6346.0,6527.0,19038000,3000,2,6346.0,1388-04-03
2009-07-19,3400.0,4000.0,3400.0,3680.0,91962600,24989,3,4000.0,1388-04-28
2009-07-22,3570.0,3580.0,3570.0,3670.0,13497340,3773,3,3580.0,1388-04-31
2009-07-25,3560.0,3560.0,3560.0,3664.0,7120000,2000,1,3560.0,1388-05-03
2009-07-27,3581.0,3581.0,3581.0,3664.0,358100,100,1,3581.0,1388-05-05
2009-07-28,3640.0,3660.0,3640.0,3663.0,5649000,1550,2,3660.0,1388-05-06
2009-07-29,3660.0,3660.0,3660.0,3663.0,17385000,4750,1,3660.0,1388-05-07
2009-08-26,3772.0,4500.0,3772.0,4239.0,173583400,40950,5,4000.0,1388-06-04
2009-08-29,4112.0,4112.0,4112.0,4112.0,475005904,115517,39,4112.0,1388-06-07
2009-09-01,3989.0,4000.0,3989.0,3999.0,1707838835,427034,55,4000.0,1388-06-10
2009-09-02,4000.0,4000.0,4000.0,3999.0,20000000,5000,2,4000.0,1388-06-11
2009-09-05,4000.0,4000.0,4000.0,3999.0,57284000,14321,5,4000.0,1388-06-14
2009-09-06,4000.0,4000.0,4000.0,3999.0,31276000,7819,2,4000.0,1388-06-15
2009-09-07,4000.0,4060.0,4000.0,4012.0,609800000,152000,26,4060.0,1388-06-16
2009-09-08,4070.0,4132.0,4070.0,4128.0,619180000,150000,18,4132.0,1388-06-17
2009-09-09,4251.0,4251.0,4251.0,4251.0,425100000,100000,10,4251.0,1388-06-18
2009-09-13,4378.0,4378.0,4378.0,4378.0,1635025392,373464,82,4378.0,1388-06-22
2009-09-14,4509.0,4509.0,4380.0,4490.0,1365631151,304154,149,4380.0,1388-06-23
2009-09-15,4519.0,4590.0,4385.0,4587.0,28532962188,6219793,127,4449.0,1388-06-24
2009-09-16,4450.0,4540.0,4450.0,4538.0,27406080800,6039344,30,4450.0,1388-06-25
2009-09-19,4402.0,4459.0,4402.0,4458.0,26742476154,5998677,24,4402.0,1388-06-28
2009-09-21,4325.0,4325.0,4325.0,4455.0,3447025,797,2,4325.0,1388-06-30
2009-09-22,4322.0,4322.0,4322.0,4432.0,29843410,6905,2,4322.0,1388-06-31
2009-09-26,4300.0,4300.0,4300.0,4427.0,5968400,1388,1,4300.0,1388-07-04
2009-10-11,4295.0,4295.0,4295.0,4358.0,89361770,20806,7,4295.0,1388-07-19
2009-10-20,4228.0,4228.0,4228.0,4356.0,1970248,466,1,4228.0,1388-07-28
2009-10-27,4226.0,4226.0,4226.0,4226.0,42260,10,1,4226.0,1388-08-05
2009-10-28,4100.0,4100.0,4100.0,4100.0,410000,100,1,4100.0,1388-08-06
2009-10-31,3979.0,4223.0,3979.0,4087.0,856332676,209522,85,4000.0,1388-08-09
2009-11-01,4100.0,4100.0,3965.0,4072.0,29915700,7462,6,4090.0,1388-08-10
2009-11-02,4000.0,4050.0,3950.0,4030.0,982518021,243821,123,4050.0,1388-08-11
2009-11-03,4090.0,4150.0,4030.0,4041.0,135602020,33538,20,4035.0,1388-08-12
2009-11-04,4162.0,4162.0,4040.0,4042.0,1107955603,274131,28,4161.0,1388-08-13
2009-11-07,4183.0,4183.0,4183.0,4071.0,34497201,8247,13,4183.0,1388-08-16
2009-11-08,4213.0,4213.0,4004.0,4047.0,4605059140,1137910,16,4213.0,1388-08-17
2009-11-09,4188.0,4188.0,4188.0,4188.0,494184000,118000,12,4188.0,1388-08-18
2009-11-10,4334.0,4334.0,4190.0,4332.0,754367320,174151,38,4196.0,1388-08-19
2009-11-11,4352.0,4480.0,4351.0,4396.0,361992388,82346,24,4480.0,1388-08-20
2009-11-14,4540.0,4540.0,4400.0,4417.0,36000000,8000,4,4400.0,1388-08-23
2009-11-15,4270.0,4270.0,4263.0,4349.0,75767658,17766,9,4263.0,1388-08-24
2009-11-16,4197.0,4197.0,4197.0,4343.0,6295500,1500,1,4197.0,1388-08-25
2009-11-17,4195.0,4195.0,4191.0,4259.0,92546901,22081,8,4191.0,1388-08-26
2009-11-21,4110.0,4407.0,4110.0,4403.0,4012656940,911336,8,4394.0,1388-08-30
2009-11-22,4249.0,4249.0,4249.0,4304.0,109020842,25658,4,4249.0,1388-09-01
2009-11-23,4154.0,4154.0,4154.0,4303.0,1491286,359,1,4154.0,1388-09-02
2009-11-24,4153.0,4153.0,4153.0,4183.0,318331603,76651,2,4153.0,1388-09-03
2009-11-25,4180.0,4183.0,4180.0,4183.0,4976057,1190,2,4183.0,1388-09-04
2009-11-29,4050.0,4050.0,4050.0,4169.0,40500000,10000,1,4050.0,1388-09-08
2009-11-30,4024.0,4024.0,4024.0,4167.0,4973664,1236,1,4024.0,1388-09-09
2009-12-12,4022.0,4022.0,4022.0,4120.0,124682000,31000,8,4022.0,1388-09-21
2009-12-14,3976.0,3976.0,3976.0,4092.0,75146400,18900,2,3976.0,1388-09-23
2009-12-15,3949.0,4234.0,3949.0,3956.0,3807298616,962386,27,3949.0,1388-09-24
2009-12-16,3818.0,3818.0,3818.0,3955.0,2500790,655,1,3818.0,1388-09-25
2009-12-19,3817.0,3817.0,3817.0,3926.0,76340000,20000,5,3817.0,1388-09-28
2009-12-20,3810.0,3810.0,3789.0,3903.0,69523786,18274,11,3789.0,1388-09-29
2009-12-29,3418.0,3418.0,3418.0,3418.0,328128000,96000,5,3418.0,1388-10-08
2010-01-02,3537.0,3537.0,3537.0,3418.0,813510,230,1,3537.0,1388-10-12
2010-01-03,3537.0,3537.0,3537.0,3430.0,35370000,10000,4,3537.0,1388-10-13
2010-01-04,3550.0,3550.0,3550.0,3442.0,34924900,9838,6,3550.0,1388-10-14
2010-01-05,3322.0,3562.0,3322.0,3471.0,81616308,22914,3,3562.0,1388-10-15
2010-01-06,3592.0,3592.0,3592.0,3472.0,3951200,1100,1,3592.0,1388-10-16
2010-01-10,3589.0,3589.0,3589.0,3482.0,30506500,8500,1,3589.0,1388-10-20
2010-01-13,3589.0,3590.0,3589.0,3484.0,4974584,1386,2,3590.0,1388-10-23
2010-01-16,3500.0,3500.0,3500.0,3485.0,10941000,3126,1,3500.0,1388-10-26
2010-01-18,3400.0,3400.0,3400.0,3484.0,2975000,875,2,3400.0,1388-10-28
2010-01-19,3390.0,3390.0,3363.0,3482.0,6032310,1789,4,3363.0,1388-10-29
2010-01-20,3484.0,3484.0,3361.0,3481.0,2240643,663,2,3361.0,1388-10-30
2010-01-23,3360.0,3360.0,3360.0,3479.0,4663680,1388,1,3360.0,1388-11-03
2010-01-24,3600.0,3600.0,3600.0,3539.0,172800000,48000,12,3600.0,1388-11-04
2010-01-26,3600.0,3662.0,3600.0,3541.0,6799174,1877,2,3662.0,1388-11-06
2010-01-27,3663.0,3663.0,3660.0,3641.0,290478680,79319,9,3660.0,1388-11-07
2010-01-30,3641.0,3641.0,3514.0,3639.0,92921090,25584,8,3639.0,1388-11-10
2010-01-31,3639.0,3639.0,3599.0,3627.0,129489361,35900,7,3600.0,1388-11-11
2010-02-01,3621.0,3621.0,3620.0,3626.0,49730476,13737,4,3620.0,1388-11-12
2010-02-03,3700.0,3752.0,3675.0,3738.0,435671012,116542,37,3675.0,1388-11-14
2010-02-06,3750.0,3750.0,3750.0,3739.0,20625000,5500,4,3750.0,1388-11-17
2010-02-07,3690.0,3690.0,3690.0,3738.0,4892940,1326,1,3690.0,1388-11-18
2010-02-08,3700.0,3721.0,3700.0,3726.0,133843452,36118,9,3700.0,1388-11-19
2010-02-10,3749.0,3749.0,3749.0,3727.0,20769460,5540,2,3749.0,1388-11-21
2010-02-14,3800.0,3853.0,3800.0,3728.0,5726500,1500,2,3853.0,1388-11-25
2010-02-16,3855.0,3858.0,3854.0,3760.0,90909974,23574,3,3854.0,1388-11-27
2010-02-17,3850.0,3850.0,3850.0,3762.0,9933000,2580,1,3850.0,1388-11-28
2010-02-20,3840.0,3840.0,3840.0,3763.0,6708480,1747,2,3840.0,1388-12-01
2010-02-23,3840.0,3850.0,3840.0,3764.0,6242170,1622,3,3850.0,1388-12-04
2010-02-24,3890.0,3895.0,3890.0,3767.0,9732500,2500,3,3895.0,1388-12-05
2010-03-03,3898.0,3898.0,3898.0,3768.0,2638946,677,1,3898.0,1388-12-12
2010-03-07,3899.0,3899.0,3899.0,3785.0,49123501,12599,3,3899.0,1388-12-16
2010-03-08,3917.0,3917.0,3917.0,3787.0,4970673,1269,1,3917.0,1388-12-17
2010-03-09,3919.0,3919.0,3919.0,3817.0,86218000,22000,8,3919.0,1388-12-18
2010-03-10,3805.0,3805.0,3805.0,3817.0,3877295,1019,1,3805.0,1388-12-19
2010-03-15,3811.0,3811.0,3811.0,3817.0,1143300,300,1,3811.0,1388-12-24
2010-04-03,3950.0,3950.0,3880.0,3875.0,165250050,41847,9,3950.0,1389-01-14
2010-04-04,4010.0,4010.0,4010.0,3919.0,125067890,31189,2,4010.0,1389-01-15
2010-04-05,4056.0,4056.0,4056.0,3921.0,6814080,1680,2,4056.0,1389-01-16
2010-04-06,4058.0,4058.0,4058.0,3978.0,162320000,40000,2,4058.0,1389-01-17
2010-04-07,4117.0,4117.0,4117.0,4052.0,209967000,51000,3,4117.0,1389-01-18
2010-04-10,4193.0,4193.0,4193.0,4121.0,196572033,46881,10,4193.0,1389-01-21
2010-04-11,4265.0,4265.0,4265.0,4261.0,397451085,93189,7,4265.0,1389-01-22
2010-04-12,4410.0,4410.0,4410.0,4410.0,693693000,157300,15,4410.0,1389-01-23
2010-04-13,4564.0,4564.0,4257.0,4543.0,892518812,196479,22,4450.0,1389-01-24
2010-04-14,4400.0,4400.0,4384.0,4536.0,19860624,4522,2,4384.0,1389-01-25
2010-04-17,4378.0,4378.0,4378.0,4508.0,74067004,16918,10,4378.0,1389-01-28
2010-04-18,4351.0,4380.0,4351.0,4454.0,145270079,33370,10,4354.0,1389-01-29
2010-04-19,4450.0,4476.0,4340.0,4441.0,281536153,63488,13,4476.0,1389-01-30
2010-04-20,4350.0,4498.0,4350.0,4452.0,262291280,58832,11,4498.0,1389-01-31
2010-04-21,4405.0,4538.0,4405.0,4449.0,55193566,12471,5,4538.0,1389-02-01
2010-04-24,4500.0,4500.0,4500.0,4450.0,5634000,1252,3,4500.0,1389-02-04
2010-04-27,4295.0,4420.0,4295.0,4446.0,10309500,2400,3,4420.0,1389-02-07
2010-05-04,4292.0,4292.0,4292.0,4445.0,2146000,500,2,4292.0,1389-02-14
2010-05-16,4290.0,4290.0,4290.0,4430.0,39682500,9250,5,4290.0,1389-02-26
2010-05-22,4275.0,4275.0,4275.0,4422.0,20947500,4900,3,4275.0,1389-03-01
2010-05-24,4399.0,4399.0,4270.0,4421.0,9111942,2076,3,4270.0,1389-03-03
2010-05-26,4267.0,4267.0,4267.0,4408.0,34144534,8002,1,4267.0,1389-03-05
2010-05-29,4254.0,4254.0,4254.0,4322.0,227589000,53500,9,4254.0,1389-03-08
2010-05-30,4172.0,4172.0,4171.0,4316.0,14960206,3586,3,4171.0,1389-03-09
2010-06-07,4165.0,4165.0,4165.0,4300.0,41650000,10000,3,4165.0,1389-03-17
2010-06-09,4150.0,4150.0,4150.0,4298.0,4150000,1000,1,4150.0,1389-03-19
2010-06-12,4420.0,4420.0,4420.0,4298.0,442000,100,1,4420.0,1389-03-22
2010-06-13,4151.0,4151.0,4151.0,4295.0,8302000,2000,1,4151.0,1389-03-23
2010-06-14,4150.0,4162.0,4150.0,4285.0,30321950,7289,8,4161.0,1389-03-24
2010-06-15,4161.0,4161.0,4161.0,4259.0,83220000,20000,2,4161.0,1389-03-25
2010-06-20,4290.0,4290.0,4290.0,4259.0,1613040,376,1,4290.0,1389-03-30
2010-06-22,4124.0,4130.0,4124.0,4220.0,117624000,28500,5,4130.0,1389-04-01
2010-06-27,4300.0,4301.0,4150.0,4234.0,80273240,18705,8,4150.0,1389-04-06
2010-06-28,4131.0,4131.0,4065.0,4068.0,1594765460,391980,58,4065.0,1389-04-07
2010-06-29,4040.0,4040.0,4040.0,4067.0,10100000,2500,1,4040.0,1389-04-08
2010-06-30,4150.0,4150.0,4150.0,4070.0,12450000,3000,1,4150.0,1389-04-09
2010-07-03,4170.0,4170.0,4131.0,4132.0,851220000,206000,9,4131.0,1389-04-12
2010-07-04,4200.0,4297.0,4200.0,4178.0,194504200,46000,21,4297.0,1389-04-13
2010-07-05,4345.0,4345.0,4345.0,4330.0,379753000,87400,11,4345.0,1389-04-14
2010-07-06,4345.0,4435.0,4345.0,4340.0,40784000,9200,4,4435.0,1389-04-15
2010-07-07,4350.0,4350.0,4230.0,4299.0,181400700,42700,6,4231.0,1389-04-16
2010-07-11,4330.0,4340.0,4211.0,4275.0,156256750,36877,9,4211.0,1389-04-20
2010-07-25,3650.0,3650.0,3504.0,3594.0,405636794,112858,13,3541.0,1389-05-03
2010-07-26,3600.0,3600.0,3510.0,3597.0,199414530,55403,13,3600.0,1389-05-04
2010-07-28,3700.0,3700.0,3600.0,3606.0,180742300,50000,10,3600.0,1389-05-06
2010-07-31,3750.0,3750.0,3750.0,3651.0,112211250,29923,9,3750.0,1389-05-09
2010-08-01,3797.0,3797.0,3797.0,3665.0,36071500,9500,3,3797.0,1389-05-10
2010-08-02,3811.0,3811.0,3811.0,3811.0,857475000,225000,9,3811.0,1389-05-11
2010-08-03,3963.0,3963.0,3963.0,3963.0,931305000,235000,9,3963.0,1389-05-12
2010-08-04,4121.0,4121.0,3963.0,4113.0,5986040004,1455470,118,4121.0,1389-05-13
2010-08-07,4200.0,4200.0,3953.0,4065.0,432307345,106341,22,4061.0,1389-05-16
2010-08-08,4150.0,4220.0,4001.0,4177.0,729292859,174603,38,4191.0,1389-05-17
2010-08-09,4050.0,4191.0,4012.0,4091.0,250973066,62071,13,4012.0,1389-05-18
2010-08-10,3950.0,4030.0,3928.0,3958.0,588520488,148682,22,3934.0,1389-05-19
2010-08-11,4080.0,4080.0,4010.0,4066.0,935172540,230000,22,4010.0,1389-05-20
2010-08-14,4050.0,4056.0,4050.0,4061.0,123141980,30400,13,4056.0,1389-05-23
2010-08-15,3910.0,3910.0,3904.0,3992.0,163980500,42000,8,3904.0,1389-05-24
2010-08-16,3911.0,4078.0,3904.0,3970.0,494783396,124624,18,3904.0,1389-05-25
2010-08-17,4050.0,4109.0,4050.0,4028.0,205293780,50320,10,4100.0,1389-05-26
2010-08-18,4100.0,4189.0,4050.0,4136.0,432716666,104632,17,4189.0,1389-05-27
2010-08-21,4199.0,4298.0,4130.0,4144.0,135181748,32506,14,4130.0,1389-05-30
2010-08-23,4100.0,4260.0,4100.0,4237.0,695233820,164071,44,4260.0,1389-06-01
2010-08-24,4299.0,4406.0,4299.0,4392.0,3784172650,861669,72,4406.0,1389-06-02
2010-08-25,4567.0,4567.0,4567.0,4567.0,2449958016,536448,24,4567.0,1389-06-03
2010-08-28,4749.0,4749.0,4749.0,4749.0,2390385405,503345,21,4749.0,1389-06-06
2010-08-29,4938.0,4938.0,4938.0,4938.0,3481290000,705000,30,4938.0,1389-06-07
2010-08-30,5135.0,5135.0,4860.0,5126.0,24849276605,4847531,354,4860.0,1389-06-08
2010-08-31,5079.0,5091.0,4923.0,5014.0,2127298676,424302,73,4929.0,1389-06-09
2010-09-04,5000.0,5110.0,4850.0,4939.0,1820100519,368499,83,4850.0,1389-06-13
2010-09-05,4800.0,4960.0,4780.0,4848.0,2700210883,556979,95,4847.0,1389-06-14
2010-09-06,4847.0,4847.0,4763.0,4782.0,544461561,113865,39,4798.0,1389-06-15
2010-09-07,4751.0,4751.0,4650.0,4764.0,194006666,40931,17,4650.0,1389-06-16
2010-09-08,4600.0,4847.0,4600.0,4758.0,323840174,68106,19,4847.0,1389-06-17
2010-09-12,4902.0,4948.0,4902.0,4947.0,739695136,149522,24,4948.0,1389-06-21
2010-09-13,5144.0,5144.0,4903.0,5088.0,2982150370,586083,83,4952.0,1389-06-22
2010-09-14,4888.0,5049.0,4888.0,4940.0,555174409,112389,28,4911.0,1389-06-23
2010-09-15,5000.0,5134.0,4900.0,5077.0,1664785481,327900,60,5000.0,1389-06-24
2010-09-18,5280.0,5280.0,5171.0,5261.0,8912666808,1694091,167,5280.0,1389-06-27
2010-09-19,5469.0,5470.0,5272.0,5388.0,11282031511,2093915,238,5300.0,1389-06-28
2010-09-20,5330.0,5603.0,5173.0,5571.0,42763662347,7676574,171,5480.0,1389-06-29
2010-09-21,5500.0,5562.0,5349.0,5558.0,36453464147,6559154,93,5370.0,1389-06-30
2010-09-22,5470.0,5488.0,5336.0,5471.0,37775368905,6904040,80,5336.0,1389-06-31
2010-09-25,5335.0,5335.0,5253.0,5281.0,612865844,116057,23,5253.0,1389-07-03
2010-09-26,5110.0,5132.0,5070.0,5078.0,3936497946,775164,99,5070.0,1389-07-04
2010-09-27,5033.0,5169.0,5012.0,5063.0,564748264,111547,36,5091.0,1389-07-05
2010-09-28,5262.0,5265.0,5150.0,5257.0,1339945304,254901,63,5150.0,1389-07-06
2010-09-29,5239.0,5250.0,5047.0,5113.0,679158050,132834,32,5047.0,1389-07-07
2010-10-02,5047.0,5047.0,4910.0,4964.0,1000159308,201478,65,4933.0,1389-07-10
2010-10-03,4860.0,5048.0,4860.0,4981.0,425858627,85459,24,4960.0,1389-07-11
2010-10-05,4900.0,5045.0,4900.0,4958.0,398311022,80410,29,4961.0,1389-07-13
2010-10-06,4910.0,4950.0,4850.0,4874.0,409652044,84243,29,4851.0,1389-07-14
2010-10-09,4810.0,4810.0,4690.0,4809.0,217397530,45880,19,4690.0,1389-07-17
2010-10-10,4802.0,4802.0,4617.0,4741.0,165916088,35860,17,4785.0,1389-07-18
2010-10-11,4601.0,4701.0,4552.0,4591.0,1392318209,303255,53,4552.0,1389-07-19
2010-10-12,4442.0,4442.0,4408.0,4416.0,1057015660,239340,42,4408.0,1389-07-20
2010-10-13,4240.0,4240.0,4240.0,4240.0,426120000,100500,11,4240.0,1389-07-21
2010-10-16,4071.0,4232.0,4071.0,4102.0,1770208072,431528,63,4080.0,1389-07-24
2010-10-17,4223.0,4266.0,4209.0,4247.0,731427219,172217,43,4266.0,1389-07-25
2010-10-18,4410.0,4416.0,4408.0,4384.0,355686375,80653,20,4416.0,1389-07-26
2010-10-19,4559.0,4559.0,4211.0,4459.0,396664675,88833,38,4220.0,1389-07-27
2010-10-20,4637.0,4637.0,4518.0,4609.0,911644042,197799,48,4637.0,1389-07-28
2010-10-23,4790.0,4793.0,4790.0,4793.0,777536597,162229,37,4793.0,1389-08-01
2010-10-24,4900.0,4900.0,4603.0,4809.0,585909973,121842,44,4614.0,1389-08-02
2010-10-25,4781.0,4781.0,4620.0,4749.0,772338560,162638,14,4620.0,1389-08-03
2010-10-27,4670.0,4670.0,4600.0,4731.0,60831042,13180,4,4601.0,1389-08-05
2010-10-30,4542.0,4600.0,4542.0,4685.0,118747480,26039,13,4550.0,1389-08-08
2010-10-31,4570.0,4600.0,4500.0,4673.0,34565250,7616,9,4511.0,1389-08-09
2010-11-01,4490.0,4580.0,4487.0,4617.0,142704888,31696,13,4488.0,1389-08-10
2010-11-02,4487.0,4487.0,4433.0,4612.0,12915100,2900,2,4433.0,1389-08-11
2010-11-03,4740.0,4796.0,4740.0,4737.0,481604231,101160,62,4796.0,1389-08-12
2010-11-06,4750.0,4900.0,4750.0,4849.0,495226247,101717,143,4751.0,1389-08-15
2010-11-07,4656.0,4898.0,4656.0,4840.0,600101572,124000,18,4656.0,1389-08-16
2010-11-08,4657.0,4980.0,4647.0,4826.0,694556825,143927,34,4850.0,1389-08-17
2010-11-09,4820.0,4980.0,4820.0,4920.0,1327498071,269833,56,4920.0,1389-08-18
2010-11-10,4940.0,4950.0,4725.0,4823.0,792936494,164401,100,4898.0,1389-08-19
2010-11-13,4930.0,5015.0,4631.0,4980.0,5138219128,1031727,161,5014.0,1389-08-22
2010-11-14,5178.0,5178.0,4800.0,5009.0,4901096311,978523,66,4980.0,1389-08-23
2010-11-15,5150.0,5150.0,4850.0,4983.0,179348210,36420,19,5080.0,1389-08-24
2010-11-16,5000.0,5000.0,4862.0,4982.0,27138745,5465,9,4900.0,1389-08-25
2010-11-20,4987.0,5100.0,4812.0,4974.0,378452255,76145,50,4990.0,1389-08-29
2010-11-21,4988.0,4988.0,4776.0,4953.0,120648840,24760,26,4949.0,1389-08-30
2010-11-22,5079.0,5079.0,4755.0,4869.0,287499922,60090,40,4790.0,1389-09-01
2010-11-23,4800.0,4930.0,4675.0,4766.0,480068175,101143,56,4675.0,1389-09-02
2010-12-01,4207.0,4375.0,4207.0,4327.0,143485720,33160,11,4375.0,1389-09-10
2010-12-04,4490.0,4500.0,4490.0,4364.0,116350500,25859,28,4500.0,1389-09-13
2010-12-05,4538.0,4538.0,4538.0,4375.0,34942600,7700,6,4538.0,1389-09-14
2010-12-06,4550.0,4550.0,4411.0,4404.0,100385040,22160,19,4550.0,1389-09-15
2010-12-07,4580.0,4580.0,4228.0,4406.0,421175768,95574,34,4410.0,1389-09-16
2010-12-08,4566.0,4566.0,4410.0,4408.0,99050460,22430,4,4410.0,1389-09-17
2010-12-11,4501.0,4501.0,4401.0,4408.0,72274174,16409,7,4401.0,1389-09-20
2010-12-12,4400.0,4496.0,4301.0,4405.0,36795350,8416,8,4301.0,1389-09-21
2010-12-13,4313.0,4313.0,4305.0,4398.0,36626500,8500,3,4305.0,1389-09-22
2010-12-14,4253.0,4255.0,4253.0,4373.0,90095141,21179,5,4254.0,1389-09-23
2010-12-18,4260.0,4260.0,4199.0,4305.0,206885860,49172,19,4200.0,1389-09-27
2010-12-19,4160.0,4160.0,4133.0,4279.0,84434730,20345,5,4133.0,1389-09-28
2010-12-20,4448.0,4448.0,4440.0,4286.0,22228000,5000,4,4440.0,1389-09-29
2010-12-21,4350.0,4350.0,4350.0,4289.0,22885350,5261,3,4350.0,1389-09-30
2010-12-22,4350.0,4350.0,4289.0,4290.0,136031340,31695,6,4292.0,1389-10-01
2010-12-25,4286.0,4286.0,4286.0,4290.0,63077062,14717,10,4286.0,1389-10-04
2010-12-26,4360.0,4440.0,4330.0,4303.0,69669020,15875,12,4400.0,1389-10-05
2010-12-27,4400.0,4460.0,4400.0,4340.0,145781657,32847,14,4454.0,1389-10-06
2010-12-28,4400.0,4509.0,4400.0,4366.0,120028925,26925,9,4509.0,1389-10-07
2010-12-29,4500.0,4500.0,4403.0,4372.0,41433200,9313,3,4403.0,1389-10-08
2011-01-01,4500.0,4540.0,4500.0,4418.0,184526014,40950,21,4540.0,1389-10-11
2011-01-02,4470.0,4482.0,4470.0,4433.0,139786620,31220,8,4480.0,1389-10-12
2011-01-03,4593.0,4600.0,4560.0,4476.0,149628820,32587,11,4600.0,1389-10-13
2011-01-04,4600.0,4600.0,4433.0,4522.0,217180490,47301,20,4600.0,1389-10-14
2011-01-05,4610.0,4621.0,4600.0,4565.0,261233686,56618,14,4600.0,1389-10-15
2011-01-08,4650.0,4650.0,4600.0,4619.0,630727050,136548,15,4600.0,1389-10-18
2011-01-09,4679.0,4679.0,4471.0,4584.0,288735093,63413,21,4594.0,1389-10-19
2011-01-10,4460.0,4500.0,4401.0,4546.0,175328296,39245,15,4500.0,1389-10-20
2011-01-11,4548.0,4548.0,4548.0,4546.0,22740000,5000,1,4548.0,1389-10-21
2011-01-12,4411.0,4411.0,4365.0,4428.0,352534679,80653,26,4365.0,1389-10-22
2011-01-15,4253.0,4265.0,4253.0,4410.0,52456968,12326,4,4264.0,1389-10-25
2011-01-16,4260.0,4282.0,4260.0,4389.0,75324640,17657,6,4282.0,1389-10-26
2011-01-17,4400.0,4400.0,4302.0,4385.0,49134194,11300,9,4302.0,1389-10-27
2011-01-18,4300.0,4300.0,4300.0,4384.0,6247900,1453,1,4300.0,1389-10-28
2011-01-19,4384.0,4520.0,4300.0,4334.0,490203140,113193,24,4387.0,1389-10-29
2011-01-22,4350.0,4507.0,4350.0,4403.0,256731448,57326,24,4507.0,1389-11-02
2011-01-23,4500.0,4515.0,4421.0,4434.0,178229789,39642,12,4421.0,1389-11-03
2011-01-24,4490.0,4490.0,4490.0,4435.0,8980000,2000,1,4490.0,1389-11-04
2011-01-26,4600.0,4612.0,4600.0,4555.0,392118816,85168,20,4612.0,1389-11-06
2011-01-29,4737.0,4737.0,4737.0,4568.0,40269237,8501,5,4737.0,1389-11-09
2011-01-30,4750.0,4750.0,4750.0,4596.0,87062750,18329,6,4750.0,1389-11-10
2011-01-31,4779.0,4779.0,4601.0,4710.0,723328593,153588,41,4630.0,1389-11-11
2011-02-01,4688.0,4890.0,4688.0,4788.0,992440922,207292,59,4878.0,1389-11-12
2011-02-05,4800.0,4979.0,4610.0,4835.0,1299015303,268694,65,4610.0,1389-11-16
2011-02-06,4850.0,4890.0,4753.0,4829.0,169011152,35098,17,4800.0,1389-11-17
2011-02-07,4848.0,4900.0,4825.0,4873.0,469022291,96022,30,4900.0,1389-11-18
2011-02-08,4948.0,4960.0,4861.0,4920.0,536942226,109038,24,4861.0,1389-11-19
2011-02-09,4890.0,4900.0,4726.0,4797.0,1230698307,256565,34,4899.0,1389-11-20
2011-02-12,4795.0,4812.0,4795.0,4797.0,35896546200,7483075,10,4812.0,1389-11-23
2011-02-13,4832.0,4988.0,4799.0,4802.0,27966423803,5823442,260,4988.0,1389-11-24
2011-02-14,4994.0,4994.0,4994.0,4991.0,590945014,118331,16,4994.0,1389-11-25
2011-02-15,5190.0,5190.0,5190.0,5190.0,630761460,121534,26,5190.0,1389-11-26
2011-02-16,5397.0,5397.0,5269.0,5392.0,5614945458,1041306,140,5397.0,1389-11-27
2011-02-19,5560.0,5560.0,5177.0,5230.0,942941041,180283,52,5177.0,1389-11-30
2011-02-20,5200.0,5300.0,5100.0,5185.0,540647102,104403,28,5170.0,1389-12-01
2011-02-22,5170.0,5189.0,5100.0,5175.0,417192980,80694,11,5100.0,1389-12-03
2011-02-23,5200.0,5209.0,5100.0,5182.0,1517464320,292807,32,5202.0,1389-12-04
2011-02-26,5100.0,5100.0,5020.0,5124.0,232193717,46153,24,5025.0,1389-12-07
2011-02-27,5001.0,5250.0,4935.0,5129.0,676367078,131861,34,5248.0,1389-12-08
2011-02-28,5334.0,5334.0,5240.0,5322.0,3665488980,688766,82,5240.0,1389-12-09
2011-03-01,5250.0,5250.0,5110.0,5120.0,1394340050,272314,23,5110.0,1389-12-10
2011-03-02,5110.0,5200.0,5095.0,5151.0,556193659,107896,34,5177.0,1389-12-11
2011-03-05,5200.0,5245.0,5090.0,5154.0,307204530,59581,29,5197.0,1389-12-14
2011-03-06,5190.0,5190.0,4950.0,4998.0,583662900,116874,41,4950.0,1389-12-15
2011-03-07,4901.0,4949.0,4825.0,4923.0,336961849,69212,24,4928.0,1389-12-16
2011-03-08,4951.0,5119.0,4950.0,4980.0,325729275,64786,29,4960.0,1389-12-17
2011-03-09,5087.0,5087.0,4920.0,4942.0,812562650,164419,34,4922.0,1389-12-18
2011-03-12,4995.0,5139.0,4961.0,4949.0,44644355,8869,11,4966.0,1389-12-21
2011-03-13,5080.0,5080.0,4972.0,5007.0,437862374,87070,32,4972.0,1389-12-22
2011-03-14,5070.0,5207.0,5000.0,5190.0,6848792481,1319718,263,5207.0,1389-12-23
2011-03-15,5397.0,5397.0,5356.0,5396.0,7512485966,1392107,274,5397.0,1389-12-24
2011-03-16,5598.0,5611.0,5490.0,5592.0,1721061756,307788,74,5611.0,1389-12-25
2011-03-19,5815.0,5815.0,5798.0,5815.0,10228728460,1759133,181,5815.0,1389-12-28
2011-03-26,5997.0,6000.0,5871.0,5963.0,4907226787,822964,111,5988.0,1390-01-06
2011-03-27,5987.0,6050.0,5781.0,5953.0,4246211671,713342,138,5789.0,1390-01-07
2011-03-28,5722.0,5878.0,5715.0,5749.0,2340902781,407186,94,5715.0,1390-01-08
2011-03-29,5690.0,5879.0,5690.0,5794.0,2842499289,490573,106,5709.0,1390-01-09
2011-03-30,5800.0,5834.0,5620.0,5708.0,1648540493,288790,114,5640.0,1390-01-10
2011-04-03,5789.0,5936.0,5690.0,5814.0,4312484800,741710,170,5936.0,1390-01-14
2011-04-04,6046.0,6046.0,6046.0,6045.0,720985500,119250,19,6046.0,1390-01-15
2011-04-05,6286.0,6286.0,6286.0,6286.0,3147092186,500651,32,6286.0,1390-01-16
2011-04-06,6537.0,6537.0,6066.0,6425.0,22179270190,3452083,375,6066.0,1390-01-17
2011-04-09,6260.0,6260.0,6168.0,6173.0,2401073131,388975,116,6168.0,1390-01-20
2011-04-10,5927.0,5935.0,5927.0,5927.0,2889936798,487574,138,5927.0,1390-01-21
2011-04-11,5751.0,6100.0,5751.0,5933.0,1601098999,269857,95,5850.0,1390-01-22
2011-04-12,5998.0,5998.0,5761.0,5817.0,707978295,121713,80,5781.0,1390-01-23
2011-04-13,5960.0,5960.0,5703.0,5739.0,960326918,167345,77,5755.0,1390-01-24
2011-04-16,5890.0,5900.0,5700.0,5812.0,1412414977,243018,98,5806.0,1390-01-27
2011-04-17,6044.0,6044.0,5980.0,6039.0,8710901125,1442548,261,6044.0,1390-01-28
2011-04-18,6220.0,6220.0,5798.0,5913.0,3945233019,667221,199,5798.0,1390-01-29
2011-04-19,6000.0,6087.0,5695.0,5749.0,927427848,161313,80,5706.0,1390-01-30
2011-04-20,5896.0,5978.0,5754.0,5958.0,1752389539,294116,96,5900.0,1390-01-31
2011-04-23,6000.0,6000.0,5750.0,5813.0,2779380441,478116,117,5750.0,1390-02-03
2011-04-24,5753.0,5753.0,5603.0,5670.0,2319511571,409118,103,5611.0,1390-02-04
2011-04-25,5620.0,5680.0,5447.0,5481.0,1230016742,224395,91,5448.0,1390-02-05
2011-04-26,5500.0,5550.0,5500.0,5509.0,529019522,95904,50,5510.0,1390-02-06
2011-04-27,5719.0,5719.0,5312.0,5485.0,187380748,34545,25,5350.0,1390-02-07
2011-04-30,5390.0,5390.0,5266.0,5312.0,499518486,94852,41,5266.0,1390-02-10
2011-05-01,5100.0,5260.0,5100.0,5100.0,2995916100,587422,87,5100.0,1390-02-11
2011-05-02,5304.0,5304.0,5304.0,5304.0,639482064,120566,19,5304.0,1390-02-12
2011-05-03,5516.0,5516.0,5346.0,5481.0,2064184105,376632,84,5360.0,1390-02-13
2011-05-04,5480.0,5669.0,5372.0,5543.0,1273754697,229775,84,5650.0,1390-02-14
2011-05-08,5543.0,5543.0,5322.0,5435.0,440825794,81870,52,5322.0,1390-02-18
2011-05-09,5322.0,5500.0,5322.0,5437.0,1164692182,214200,57,5453.0,1390-02-19
2011-05-10,5500.0,5540.0,5352.0,5432.0,493680690,90917,50,5399.0,1390-02-20
2011-05-11,5350.0,5480.0,5215.0,5331.0,1442836770,270651,105,5226.0,1390-02-21
2011-05-14,5250.0,5250.0,5250.0,5328.0,24675000,4700,3,5250.0,1390-02-24
2011-05-15,5246.0,5302.0,5150.0,5231.0,2358580684,450918,95,5214.0,1390-02-25
2011-05-16,5260.0,5384.0,5160.0,5239.0,291269034,55506,38,5250.0,1390-02-26
2011-05-17,5230.0,5249.0,5191.0,5207.0,1069385536,205377,61,5200.0,1390-02-27
2011-05-18,5260.0,5387.0,5260.0,5229.0,177741675,33623,27,5270.0,1390-02-28
2011-05-21,5295.0,5398.0,5100.0,5275.0,2247196584,426005,90,5271.0,1390-02-31
2011-05-22,5200.0,5317.0,5064.0,5164.0,669654762,129684,51,5191.0,1390-03-01
2011-05-23,5164.0,5289.0,5104.0,5227.0,973234952,186205,65,5279.0,1390-03-02
2011-05-24,5270.0,5350.0,5212.0,5310.0,2903482431,546798,86,5350.0,1390-03-03
2011-05-25,5371.0,5396.0,5200.0,5315.0,1420051172,267191,103,5260.0,1390-03-04
2011-05-28,5270.0,5370.0,5120.0,5246.0,1888621642,360038,95,5131.0,1390-03-07
2011-05-29,5150.0,5150.0,5037.0,5113.0,454817564,89746,43,5037.0,1390-03-08
2011-05-30,5050.0,5190.0,5050.0,5124.0,324124081,63144,42,5185.0,1390-03-09
2011-05-31,5199.0,5320.0,5199.0,5273.0,862810131,163615,47,5320.0,1390-03-10
2011-06-01,5300.0,5350.0,5120.0,5333.0,797262193,149499,57,5340.0,1390-03-11
2011-06-06,5360.0,5546.0,5355.0,5441.0,1211663922,222679,88,5546.0,1390-03-16
2011-06-07,5639.0,5639.0,5450.0,5517.0,755989911,137027,63,5500.0,1390-03-17
2011-06-08,5484.0,5600.0,5430.0,5522.0,1233354322,223353,83,5600.0,1390-03-18
2011-06-11,5742.0,5742.0,5500.0,5622.0,1245549136,221559,84,5512.0,1390-03-21
2011-06-12,5550.0,5600.0,5450.0,5585.0,341831392,61597,47,5450.0,1390-03-22
2011-06-13,5410.0,5410.0,5362.0,5365.0,723890120,134933,60,5370.0,1390-03-23
2011-06-14,5211.0,5211.0,5151.0,5157.0,652331301,126486,82,5155.0,1390-03-24
2011-06-15,5196.0,5289.0,5162.0,5206.0,575247653,110401,41,5162.0,1390-03-25
2011-06-18,5375.0,5380.0,5300.0,5273.0,271487225,50597,17,5300.0,1390-03-28
2011-06-19,5260.0,5260.0,5132.0,5210.0,630915495,121095,33,5230.0,1390-03-29
2011-06-20,5360.0,5360.0,5156.0,5201.0,349213312,67244,37,5181.0,1390-03-30
2011-06-21,5236.0,5350.0,5214.0,5223.0,264707863,50380,17,5330.0,1390-03-31
2011-06-22,5350.0,5350.0,5200.0,5238.0,543624388,103728,21,5300.0,1390-04-01
2011-06-25,5240.0,5390.0,5190.0,5268.0,961634519,182536,46,5387.0,1390-04-04
2011-06-26,5270.0,5270.0,5175.0,5255.0,102726830,19803,16,5200.0,1390-04-05
2011-06-27,5250.0,5465.0,5045.0,5366.0,3358526904,625933,142,5198.0,1390-04-06
2011-06-28,5190.0,5339.0,5152.0,5262.0,328232793,63489,32,5171.0,1390-04-07
2011-06-29,5262.0,5430.0,5262.0,5359.0,708163211,132144,49,5390.0,1390-04-08
2011-07-02,5366.0,5440.0,5365.0,5378.0,296245298,54865,38,5430.0,1390-04-11
2011-07-03,5321.0,5321.0,5306.0,5349.0,283618102,53384,20,5306.0,1390-04-12
2011-07-04,5250.0,5330.0,5200.0,5327.0,126669182,24183,18,5250.0,1390-04-13
2011-07-05,5338.0,5338.0,5114.0,5141.0,1396910020,271745,66,5119.0,1390-04-14
2011-07-06,5200.0,5200.0,5122.0,5145.0,91192759,17649,13,5199.0,1390-04-15
2011-07-09,5150.0,5200.0,5110.0,5149.0,125022951,24218,18,5110.0,1390-04-18
2011-07-10,5111.0,5150.0,4944.0,4986.0,593910065,119155,50,4944.0,1390-04-19
2011-07-11,5070.0,5070.0,4838.0,4969.0,412553076,83145,27,4950.0,1390-04-20
2011-07-12,4900.0,4900.0,4820.0,4883.0,414128523,85428,30,4898.0,1390-04-21
2011-07-13,4898.0,4968.0,4801.0,4875.0,109482301,22608,20,4820.0,1390-04-22
2011-07-16,4850.0,4875.0,4805.0,4861.0,312137550,64377,28,4875.0,1390-04-25
2011-07-18,4897.0,4950.0,4897.0,4872.0,104147653,21149,6,4950.0,1390-04-27
2011-07-19,5000.0,5066.0,5000.0,4948.0,250594090,49573,28,5066.0,1390-04-28
2011-07-20,5133.0,5145.0,5133.0,5092.0,451423525,87741,26,5145.0,1390-04-29
2011-07-23,5275.0,5275.0,5153.0,5127.0,153293083,29285,20,5240.0,1390-05-01
2011-07-24,5200.0,5332.0,5200.0,5291.0,566821039,106728,54,5332.0,1390-05-02
2011-07-25,5355.0,5424.0,5150.0,5272.0,666555788,126443,29,5150.0,1390-05-03
2011-07-26,5200.0,5482.0,5200.0,5433.0,2924937017,538361,156,5482.0,1390-05-04
2011-07-27,5500.0,5596.0,5251.0,5499.0,957871360,174203,98,5300.0,1390-05-05
2011-07-30,5534.0,5599.0,5311.0,5498.0,720254986,130998,47,5459.0,1390-05-08
2011-07-31,5497.0,5497.0,5321.0,5472.0,191622120,35427,26,5389.0,1390-05-09
2011-08-01,5400.0,5460.0,5374.0,5421.0,776550822,143258,42,5399.0,1390-05-10
2011-08-02,5370.0,5389.0,5205.0,5281.0,723315813,136968,79,5245.0,1390-05-11
2011-08-03,5210.0,5210.0,5102.0,5192.0,521013572,100685,46,5203.0,1390-05-12
2011-08-06,5211.0,5211.0,5100.0,5147.0,404022001,78857,40,5105.0,1390-05-15
2011-08-07,5050.0,5285.0,5010.0,5185.0,2174652707,419430,177,5100.0,1390-05-16
2011-08-15,3450.0,3578.0,3420.0,3479.0,3232513381,929096,176,3450.0,1390-05-24
2011-08-16,3530.0,3530.0,3381.0,3444.0,1091315385,316894,114,3410.0,1390-05-25
2011-08-17,3382.0,3488.0,3340.0,3432.0,523318605,152461,60,3403.0,1390-05-26
2011-08-20,3490.0,3490.0,3351.0,3427.0,169749823,49646,24,3399.0,1390-05-29
2011-08-21,3460.0,3559.0,3361.0,3486.0,1111272265,318737,92,3553.0,1390-05-30
2011-08-23,3567.0,3625.0,3500.0,3612.0,1808689149,500808,82,3625.0,1390-06-01
2011-08-24,3700.0,3710.0,3640.0,3684.0,1472915601,399816,136,3685.0,1390-06-02
2011-08-27,3740.0,3740.0,3650.0,3684.0,585668786,158988,69,3650.0,1390-06-05
2011-08-28,3650.0,3697.0,3561.0,3650.0,787815003,215860,48,3654.0,1390-06-06
2011-08-29,3670.0,3670.0,3504.0,3600.0,216393957,60922,33,3530.0,1390-06-07
2011-08-30,3630.0,3630.0,3500.0,3573.0,472464662,132241,29,3600.0,1390-06-08
2011-09-03,3510.0,3600.0,3510.0,3573.0,119076910,33329,17,3595.0,1390-06-12
2011-09-04,3629.0,3640.0,3592.0,3616.0,957554326,264785,47,3630.0,1390-06-13
2011-09-05,3650.0,3740.0,3650.0,3698.0,1267981261,342926,96,3736.0,1390-06-14
2011-09-06,3770.0,3770.0,3650.0,3717.0,529853422,142536,71,3650.0,1390-06-15
2011-09-07,3700.0,3700.0,3600.0,3672.0,244949587,67360,37,3600.0,1390-06-16
2011-09-10,3600.0,3738.0,3600.0,3708.0,689163308,185847,36,3700.0,1390-06-19
2011-09-11,3700.0,3700.0,3560.0,3615.0,686046467,189779,41,3580.0,1390-06-20
2011-09-12,3612.0,3612.0,3481.0,3508.0,501651874,142985,53,3525.0,1390-06-21
2011-09-13,3526.0,3590.0,3520.0,3526.0,224992696,63529,26,3520.0,1390-06-22
2011-09-14,3550.0,3640.0,3511.0,3600.0,1240574448,344591,60,3640.0,1390-06-23
2011-09-17,3730.0,3744.0,3655.0,3742.0,3203527659,856080,90,3744.0,1390-06-26
2011-09-18,3891.0,3891.0,3870.0,3885.0,3579352602,921373,108,3891.0,1390-06-27
2011-09-19,4040.0,4040.0,3913.0,4023.0,8519993323,2117623,279,3990.0,1390-06-28
2011-09-20,3990.0,4150.0,3939.0,4068.0,9063429268,2228229,272,3944.0,1390-06-29
2011-09-21,4020.0,4100.0,3906.0,4048.0,5622298296,1388970,148,3921.0,1390-06-30
2011-09-25,3888.0,3950.0,3887.0,3957.0,266041631,68433,25,3887.0,1390-07-03
2011-09-26,3804.0,3810.0,3799.0,3800.0,883817573,232577,73,3799.0,1390-07-04
2011-09-27,3720.0,3780.0,3700.0,3789.0,61421960,16502,12,3780.0,1390-07-05
2011-09-28,3799.0,3799.0,3733.0,3778.0,258701800,68624,27,3733.0,1390-07-06
2011-10-01,3750.0,3750.0,3700.0,3770.0,53875800,14521,13,3716.0,1390-07-09
2011-10-02,3750.0,3750.0,3700.0,3754.0,189140301,50673,28,3700.0,1390-07-10
2011-10-03,3769.0,3845.0,3760.0,3780.0,330803554,87284,36,3830.0,1390-07-11
2011-10-04,3711.0,3848.0,3711.0,3790.0,180696073,47500,27,3800.0,1390-07-12
2011-10-05,3839.0,3839.0,3753.0,3794.0,67606209,17709,12,3838.0,1390-07-13
2011-10-08,3760.0,3800.0,3760.0,3785.0,382775822,101188,21,3761.0,1390-07-16
2011-10-09,3750.0,3930.0,3750.0,3870.0,704160226,181931,45,3921.0,1390-07-17
2011-10-10,3840.0,3969.0,3839.0,3858.0,1068998894,277091,42,3924.0,1390-07-18
2011-10-11,3950.0,3978.0,3852.0,3947.0,1435647112,363774,83,3910.0,1390-07-19
2011-10-12,3966.0,3966.0,3850.0,3923.0,621706201,158481,38,3880.0,1390-07-20
2011-10-15,3782.0,3812.0,3780.0,3911.0,37731305,9970,9,3811.0,1390-07-23
2011-10-16,3755.0,3755.0,3755.0,3755.0,961463995,256049,34,3755.0,1390-07-24
2011-10-17,3605.0,3761.0,3605.0,3744.0,947270923,253008,38,3760.0,1390-07-25
2011-10-18,3790.0,3880.0,3744.0,3797.0,1490277878,392453,49,3880.0,1390-07-26
2011-10-19,3751.0,3930.0,3751.0,3889.0,468677534,120512,54,3925.0,1390-07-27
2011-10-22,3960.0,3960.0,3890.0,3890.0,27802190,7129,12,3890.0,1390-07-30
2011-10-23,3900.0,3900.0,3800.0,3886.0,18822996,4948,8,3802.0,1390-08-01
2011-10-24,3800.0,3800.0,3800.0,3882.0,19380000,5100,3,3800.0,1390-08-02
2011-10-25,3800.0,3899.0,3733.0,3865.0,65276034,17334,7,3733.0,1390-08-03
2011-10-26,3800.0,3800.0,3769.0,3865.0,2023115,534,4,3769.0,1390-08-04
2011-10-29,3751.0,3752.0,3740.0,3833.0,123192147,32865,16,3740.0,1390-08-07
2011-10-30,3780.0,3780.0,3700.0,3818.0,71934880,19245,11,3750.0,1390-08-08
2011-10-31,3683.0,3820.0,3680.0,3785.0,457065965,120772,32,3795.0,1390-08-09
2011-11-01,3780.0,3809.0,3710.0,3802.0,498362701,131070,11,3728.0,1390-08-10
2011-11-02,3775.0,3780.0,3775.0,3793.0,189037865,50018,3,3780.0,1390-08-11
2011-11-05,3793.0,3793.0,3701.0,3785.0,68105090,18198,10,3705.0,1390-08-14
2011-11-06,3700.0,3700.0,3634.0,3736.0,145251984,39938,38,3634.0,1390-08-15
2011-11-08,3592.0,3592.0,3587.0,3716.0,57065887,15901,17,3587.0,1390-08-17
2011-11-09,3587.0,3602.0,3587.0,3707.0,31010385,8631,8,3602.0,1390-08-18
2011-11-12,3602.0,3650.0,3589.0,3659.0,202791969,56247,16,3600.0,1390-08-21
2011-11-13,3600.0,3697.0,3590.0,3657.0,154617720,42315,10,3590.0,1390-08-22
2011-11-14,3600.0,3600.0,3560.0,3653.0,18202500,5100,5,3600.0,1390-08-23
2011-11-16,3546.0,3556.0,3510.0,3628.0,88476445,25043,9,3510.0,1390-08-25
2011-11-19,3600.0,3600.0,3520.0,3628.0,1062480,297,3,3520.0,1390-08-28
2011-11-20,3600.0,3621.0,3520.0,3613.0,1004809863,278090,30,3620.0,1390-08-29
2011-11-21,3500.0,3610.0,3480.0,3566.0,220058646,62474,15,3610.0,1390-08-30
2011-11-22,3450.0,3450.0,3424.0,3537.0,85739944,25031,13,3424.0,1390-09-01
2011-11-23,3396.0,3400.0,3396.0,3396.0,463026322,136337,30,3396.0,1390-09-02
2011-11-26,3261.0,3270.0,3261.0,3374.0,63136791,19359,20,3261.0,1390-09-05
2011-11-27,3240.0,3240.0,3240.0,3363.0,32740200,10105,5,3240.0,1390-09-06
2011-11-28,3229.0,3229.0,3229.0,3312.0,146112250,45250,5,3229.0,1390-09-07
2011-11-29,3225.0,3439.0,3225.0,3288.0,449107644,136595,33,3280.0,1390-09-08
2011-11-30,3261.0,3350.0,3157.0,3187.0,715337361,224480,53,3350.0,1390-09-09
2011-12-03,3100.0,3250.0,3076.0,3185.0,85599731,26937,16,3250.0,1390-09-12
2011-12-04,3300.0,3312.0,3300.0,3277.0,300484224,90870,19,3312.0,1390-09-13
2011-12-07,3407.0,3407.0,3350.0,3397.0,416234917,122528,72,3380.0,1390-09-16
2011-12-10,3397.0,3450.0,3306.0,3416.0,355588699,103997,34,3306.0,1390-09-19
2011-12-11,3280.0,3386.0,3280.0,3396.0,59436264,18100,8,3280.0,1390-09-20
2011-12-12,3400.0,3400.0,3265.0,3364.0,114641426,34899,18,3272.0,1390-09-21
2011-12-13,3389.0,3389.0,3329.0,3364.0,13585558,4022,3,3379.0,1390-09-22
2011-12-14,3290.0,3364.0,3290.0,3349.0,386947365,115555,25,3364.0,1390-09-23
2011-12-17,3282.0,3300.0,3281.0,3343.0,40165200,12200,9,3281.0,1390-09-26
2011-12-18,3289.0,3348.0,3280.0,3331.0,123227440,37276,17,3280.0,1390-09-27
2011-12-19,3271.0,3448.0,3271.0,3397.0,504902544,148645,30,3300.0,1390-09-28
2011-12-20,3531.0,3531.0,3262.0,3356.0,1471440915,438411,67,3330.0,1390-09-29
2011-12-21,3245.0,3280.0,3244.0,3333.0,98689505,30221,18,3267.0,1390-09-30
2011-12-24,3333.0,3333.0,3300.0,3332.0,106590000,32000,2,3300.0,1390-10-03
2011-12-25,3300.0,3300.0,3199.0,3300.0,167780553,52285,36,3199.0,1390-10-04
2011-12-26,3169.0,3270.0,3168.0,3194.0,702785040,220055,44,3270.0,1390-10-05
2011-12-27,3080.0,3122.0,3080.0,3177.0,112443360,36238,18,3102.0,1390-10-06
2011-12-28,3190.0,3249.0,3150.0,3179.0,111238161,34879,22,3150.0,1390-10-07
2011-12-31,3180.0,3297.0,3180.0,3188.0,132534607,41104,26,3250.0,1390-10-10
2012-01-01,3196.0,3196.0,3160.0,3186.0,136164677,42848,5,3160.0,1390-10-11
2012-01-02,3188.0,3188.0,3165.0,3186.0,10470569,3307,7,3180.0,1390-10-12
2012-01-03,3190.0,3221.0,3120.0,3187.0,56833699,17768,15,3220.0,1390-10-13
2012-01-04,3260.0,3314.0,3230.0,3306.0,661793629,200188,64,3314.0,1390-10-14
2012-01-07,3327.0,3411.0,3327.0,3327.0,155856559,45849,25,3400.0,1390-10-17
2012-01-08,3458.0,3458.0,3400.0,3334.0,54725000,16000,6,3400.0,1390-10-18
2012-01-09,3350.0,3400.0,3337.0,3341.0,109702724,32474,26,3390.0,1390-10-19
2012-01-10,3393.0,3434.0,3350.0,3354.0,191113780,56441,30,3350.0,1390-10-20
2012-01-11,3251.0,3300.0,3250.0,3348.0,45112068,13786,12,3299.0,1390-10-21
2012-01-15,3349.0,3350.0,3220.0,3325.0,476550473,143702,37,3252.0,1390-10-25
2012-01-16,3272.0,3344.0,3210.0,3299.0,249823549,76683,28,3270.0,1390-10-26
2012-02-22,2949.0,2949.0,2832.0,2874.0,48980846,17043,17,2900.0,1390-12-03
2012-02-25,2760.0,2800.0,2760.0,2836.0,188661592,68320,48,2760.0,1390-12-06
2012-02-26,2723.0,2840.0,2723.0,2784.0,298268695,108824,65,2723.0,1390-12-07
2012-02-27,2681.0,2757.0,2674.0,2719.0,862393709,317227,62,2757.0,1390-12-08
2012-02-28,2700.0,2775.0,2700.0,2749.0,625778383,227673,47,2775.0,1390-12-09
2012-02-29,2779.0,2809.0,2716.0,2772.0,709042932,255821,98,2800.0,1390-12-10
2012-03-03,2801.0,2880.0,2801.0,2833.0,458612539,161020,59,2862.0,1390-12-13
2012-03-04,2882.0,2936.0,2775.0,2885.0,843546488,292411,80,2920.0,1390-12-14
2012-03-05,2910.0,2950.0,2820.0,2890.0,261133304,90145,31,2950.0,1390-12-15
2012-03-06,2980.0,2980.0,2840.0,2912.0,299972290,102245,49,2968.0,1390-12-16
2012-03-07,2990.0,3028.0,2970.0,2993.0,528547916,175954,51,3028.0,1390-12-17
2012-03-10,3050.0,3112.0,3050.0,3104.0,707598746,227994,70,3112.0,1390-12-20
2012-03-11,3196.0,3196.0,3110.0,3136.0,358246711,113340,62,3149.0,1390-12-21
2012-03-12,3080.0,3098.0,3071.0,3075.0,716755678,233069,64,3090.0,1390-12-22
2012-03-13,3070.0,3120.0,3017.0,3069.0,216141335,70680,25,3079.0,1390-12-23
2012-03-14,3108.0,3108.0,3050.0,3087.0,1217399710,394419,16,3050.0,1390-12-24
2012-03-17,3070.0,3070.0,3000.0,3073.0,144427652,47671,24,3000.0,1390-12-27
2012-03-18,3000.0,3050.0,2990.0,3049.0,191776727,63951,25,2990.0,1390-12-28
2012-03-24,3100.0,3168.0,3068.0,3069.0,295050948,95489,19,3168.0,1391-01-05
2012-03-25,3100.0,3145.0,3100.0,3080.0,200915252,64764,32,3100.0,1391-01-06
2012-03-26,3120.0,3139.0,2957.0,3080.0,436071546,141595,51,3100.0,1391-01-07
2012-03-27,3100.0,3119.0,2964.0,3085.0,173565179,56000,18,3100.0,1391-01-08
2012-03-28,3100.0,3102.0,3050.0,3096.0,630070750,203500,26,3102.0,1391-01-09
2012-04-02,3002.0,3002.0,3001.0,3089.0,43146733,14373,3,3001.0,1391-01-14
2012-04-03,2966.0,3100.0,2966.0,3077.0,212090897,69446,21,3000.0,1391-01-15
2012-04-04,3080.0,3100.0,3070.0,3081.0,179946402,58194,19,3099.0,1391-01-16
2012-04-07,3090.0,3090.0,2958.0,3061.0,121776616,40839,27,2958.0,1391-01-19
2012-04-08,2959.0,3100.0,2939.0,3048.0,688274252,225822,74,3100.0,1391-01-20
2012-04-09,3050.0,3080.0,3050.0,3056.0,368859674,120491,41,3080.0,1391-01-21
2012-04-10,3080.0,3080.0,2935.0,3046.0,99583853,33213,21,3064.0,1391-01-22
2012-04-11,2936.0,2944.0,2925.0,3030.0,83547765,28486,17,2927.0,1391-01-23
2012-04-14,3069.0,3069.0,3000.0,3024.0,323306900,107100,16,3000.0,1391-01-26
2012-04-15,2934.0,3044.0,2904.0,2916.0,901047817,309017,84,2904.0,1391-01-27
2012-04-16,2857.0,2957.0,2850.0,2907.0,433013800,149105,34,2936.0,1391-01-28
2012-04-17,2900.0,3020.0,2900.0,2959.0,849902611,287178,71,2980.0,1391-01-29
2012-04-18,3019.0,3069.0,3000.0,3035.0,591890984,194870,68,3000.0,1391-01-30
2012-04-21,3035.0,3035.0,2921.0,3032.0,58448401,19425,9,2940.0,1391-02-02
2012-04-22,2941.0,2970.0,2924.0,3021.0,71189879,24228,19,2940.0,1391-02-03
2012-04-23,2925.0,3023.0,2902.0,3013.0,1606040572,532991,46,2915.0,1391-02-04
2012-04-24,2968.0,2969.0,2901.0,3004.0,66719656,22772,15,2901.0,1391-02-05
2012-04-28,2901.0,2912.0,2901.0,2992.0,75988094,26112,26,2910.0,1391-02-09
2012-04-29,2910.0,2912.0,2873.0,2978.0,82019561,28331,25,2892.0,1391-02-10
2012-04-30,2897.0,2897.0,2859.0,2945.0,169675428,59214,33,2859.0,1391-02-11
2012-05-01,2830.0,2876.0,2830.0,2937.0,39545392,13942,20,2840.0,1391-02-12
2012-05-02,2828.0,2875.0,2823.0,2910.0,178211502,62526,31,2850.0,1391-02-13
2012-05-05,2880.0,2880.0,2794.0,2863.0,273144331,97081,23,2794.0,1391-02-16
2012-05-06,2801.0,2842.0,2761.0,2843.0,169923750,60741,22,2761.0,1391-02-17
2012-05-07,2755.0,2800.0,2740.0,2829.0,88146796,32012,19,2750.0,1391-02-18
2012-05-08,2790.0,2811.0,2751.0,2822.0,73185005,26356,16,2780.0,1391-02-19
2012-05-09,2798.0,2808.0,2752.0,2814.0,160828118,57564,29,2752.0,1391-02-20
2012-05-12,2819.0,2879.0,2772.0,2818.0,176123873,62330,36,2840.0,1391-02-23
2012-05-13,2833.0,2833.0,2778.0,2818.0,43723837,15540,18,2823.0,1391-02-24
2012-05-14,2825.0,2843.0,2811.0,2819.0,32034016,11328,6,2811.0,1391-02-25
2012-05-15,2821.0,2866.0,2800.0,2824.0,143050975,50389,22,2866.0,1391-02-26
2012-05-16,2874.0,2936.0,2830.0,2898.0,447226385,153101,53,2883.0,1391-02-27
2012-05-19,2935.0,2935.0,2910.0,2901.0,103460771,35497,23,2919.0,1391-02-30
2012-05-20,2900.0,2900.0,2800.0,2882.0,667224141,231531,31,2800.0,1391-02-31
2012-05-21,2899.0,2960.0,2899.0,2918.0,452024915,154375,51,2955.0,1391-03-01
2012-05-22,2907.0,2990.0,2907.0,2964.0,440190638,147678,44,2990.0,1391-03-02
2012-05-23,2999.0,2999.0,2860.0,2949.0,257431272,87884,19,2970.0,1391-03-03
2012-05-26,2900.0,3000.0,2832.0,2934.0,296150789,101411,35,2863.0,1391-03-06
2012-05-27,2900.0,2980.0,2900.0,2945.0,164938740,55497,14,2900.0,1391-03-07
2012-05-28,2900.0,2995.0,2900.0,2950.0,219578171,74220,28,2970.0,1391-03-08
2012-05-29,2900.0,2998.0,2900.0,2959.0,241622277,81288,22,2900.0,1391-03-09
2012-05-30,2900.0,2989.0,2841.0,2934.0,271447189,93430,35,2861.0,1391-03-10
2012-06-02,2830.0,2962.0,2830.0,2933.0,22183560,7642,12,2850.0,1391-03-13
2012-06-05,2937.0,2960.0,2855.0,2936.0,157742981,53551,26,2855.0,1391-03-16
2012-06-06,2929.0,2949.0,2853.0,2931.0,191591453,65566,20,2854.0,1391-03-17
2012-06-09,2822.0,2918.0,2814.0,2895.0,175753416,62403,20,2814.0,1391-03-20
2012-06-10,2800.0,2800.0,2780.0,2876.0,98501306,35340,20,2780.0,1391-03-21
2012-06-11,2880.0,2895.0,2790.0,2869.0,214981724,75266,11,2790.0,1391-03-22
2012-06-12,2840.0,2850.0,2761.0,2859.0,71958740,25810,15,2761.0,1391-03-23
2012-06-13,2770.0,2770.0,2745.0,2853.0,31194090,11357,10,2745.0,1391-03-24
2012-06-16,2810.0,2810.0,2745.0,2851.0,18193300,6530,4,2745.0,1391-03-27
2012-06-17,2741.0,2800.0,2741.0,2848.0,13093966,4776,3,2800.0,1391-03-28
2012-06-19,2737.0,2737.0,2735.0,2847.0,5334650,1950,3,2735.0,1391-03-30
2012-06-20,2735.0,2735.0,2734.0,2841.0,28707500,10500,4,2734.0,1391-03-31
2012-06-23,2728.0,2728.0,2728.0,2834.0,33281600,12200,5,2728.0,1391-04-03
2012-06-25,2721.0,2721.0,2721.0,2826.0,40815000,15000,3,2721.0,1391-04-05
2012-06-26,2713.0,2713.0,2713.0,2826.0,135650,50,1,2713.0,1391-04-06
2012-06-30,2713.0,2720.0,2713.0,2792.0,164507947,60619,29,2713.0,1391-04-10
2012-07-01,2682.0,2682.0,2681.0,2787.0,26473194,9874,16,2681.0,1391-04-11
2012-07-02,2676.0,2690.0,2676.0,2694.0,446571612,166872,52,2676.0,1391-04-12
2012-07-03,2591.0,2660.0,2587.0,2674.0,128700198,49254,26,2587.0,1391-04-13
2012-07-04,2568.0,2568.0,2568.0,2668.0,30217656,11767,7,2568.0,1391-04-14
2012-07-07,2700.0,2700.0,2562.0,2675.0,141038106,52354,15,2565.0,1391-04-17
2012-07-09,2687.0,2687.0,2687.0,2675.0,585766,218,1,2687.0,1391-04-19
2012-07-10,2571.0,2600.0,2570.0,2674.0,4078670,1586,3,2570.0,1391-04-20
2012-07-11,2669.0,2670.0,2568.0,2673.0,4327667,1663,5,2568.0,1391-04-21
2012-07-14,2568.0,2570.0,2568.0,2671.0,10107592,3934,4,2570.0,1391-04-24
2012-07-15,2568.0,2569.0,2565.0,2668.0,13223778,5150,5,2565.0,1391-04-25
2012-07-16,2563.0,2563.0,2562.0,2664.0,21272600,8300,2,2562.0,1391-04-26
2012-07-17,2558.0,2558.0,2558.0,2572.0,443071180,173210,20,2558.0,1391-04-27
2012-07-18,2471.0,2471.0,2470.0,2552.0,97294660,39388,21,2470.0,1391-04-28
2012-07-21,2450.0,2595.0,2450.0,2551.0,13595950,5431,3,2595.0,1391-04-31
2012-07-22,2455.0,2460.0,2449.0,2534.0,89488569,36389,14,2449.0,1391-05-01
2012-07-23,2433.0,2433.0,2433.0,2531.0,15814500,6500,4,2433.0,1391-05-02
2012-07-24,2430.0,2430.0,2430.0,2527.0,17986860,7402,5,2430.0,1391-05-03
2012-07-25,2426.0,2430.0,2426.0,2501.0,124726300,51410,10,2426.0,1391-05-04
2012-07-28,2401.0,2401.0,2401.0,2499.0,10943758,4558,2,2401.0,1391-05-07
2012-07-30,2400.0,2400.0,2400.0,2499.0,120000,50,1,2400.0,1391-05-09
2012-07-31,2400.0,2400.0,2400.0,2499.0,24000,10,1,2400.0,1391-05-10
2012-08-05,2400.0,2400.0,2400.0,2400.0,604800000,252000,35,2400.0,1391-05-15
2012-08-06,2305.0,2305.0,2304.0,2399.0,3630300,1575,3,2304.0,1391-05-16
2012-08-13,2304.0,2304.0,2304.0,2398.0,2534400,1100,2,2304.0,1391-05-23
2012-08-14,2303.0,2303.0,2303.0,2396.0,9212000,4000,2,2303.0,1391-05-24
2012-08-15,2301.0,2301.0,2301.0,2396.0,2301000,1000,2,2301.0,1391-05-25
2012-08-21,2301.0,2301.0,2301.0,2394.0,10584600,4600,2,2301.0,1391-05-31
2012-08-26,2299.0,2299.0,2299.0,2394.0,344850,150,2,2299.0,1391-06-05
2012-09-02,2299.0,2360.0,2299.0,2327.0,341712564,148314,27,2360.0,1391-06-12
2012-09-03,2400.0,2420.0,2311.0,2351.0,137893500,57179,29,2311.0,1391-06-13
2012-09-04,2445.0,2445.0,2445.0,2360.0,48679950,19910,8,2445.0,1391-06-14
2012-09-05,2454.0,2454.0,2454.0,2399.0,201247632,82008,14,2454.0,1391-06-15
2012-09-08,2493.0,2494.0,2493.0,2459.0,316243560,126803,19,2494.0,1391-06-18
2012-09-09,2557.0,2557.0,2555.0,2519.0,315095629,123235,39,2557.0,1391-06-19
2012-09-10,2619.0,2619.0,2619.0,2527.0,42752556,16324,5,2619.0,1391-06-20
2012-09-11,2628.0,2628.0,2628.0,2628.0,810924588,308571,44,2628.0,1391-06-21
2012-09-15,2624.0,2727.0,2619.0,2634.0,104151904,39203,19,2699.0,1391-06-25
2012-09-16,2700.0,2700.0,2530.0,2636.0,36218600,13590,9,2660.0,1391-06-26
2012-09-17,2551.0,2660.0,2551.0,2632.0,55104755,21185,14,2660.0,1391-06-27
2012-09-18,2600.0,2600.0,2540.0,2629.0,31823440,12339,15,2540.0,1391-06-28
2012-09-19,2600.0,2659.0,2600.0,2625.0,181509623,69321,16,2629.0,1391-06-29
2012-09-22,2522.0,2522.0,2522.0,2624.0,3361826,1333,1,2522.0,1391-07-01
2012-09-23,2546.0,2547.0,2546.0,2623.0,5403812,2122,2,2547.0,1391-07-02
2012-09-24,2546.0,2550.0,2531.0,2618.0,33347816,13123,12,2539.0,1391-07-03
2012-09-25,2580.0,2580.0,2514.0,2612.0,30169347,11967,12,2514.0,1391-07-04
2012-09-26,2508.0,2549.0,2508.0,2520.0,575430226,228302,74,2509.0,1391-07-05
2012-09-29,2455.0,2540.0,2424.0,2516.0,190637761,75977,37,2539.0,1391-07-08
2012-09-30,2500.0,2500.0,2416.0,2468.0,443193824,179957,53,2416.0,1391-07-09
2012-10-01,2432.0,2433.0,2370.0,2459.0,53068286,22272,21,2372.0,1391-07-10
2012-10-02,2370.0,2370.0,2361.0,2450.0,42597180,18024,15,2361.0,1391-07-11
2012-10-03,2538.0,2538.0,2365.0,2449.0,17633500,7240,7,2485.0,1391-07-12
2012-10-06,2371.0,2430.0,2355.0,2444.0,40021994,16762,12,2355.0,1391-07-15
2012-10-07,2350.0,2350.0,2347.0,2433.0,55897500,23790,8,2347.0,1391-07-16
2012-10-08,2399.0,2399.0,2336.0,2421.0,65269152,27824,25,2336.0,1391-07-17
2012-10-09,2325.0,2364.0,2325.0,2408.0,75718004,32375,21,2363.0,1391-07-18
2012-10-10,2327.0,2327.0,2312.0,2406.0,12433950,5370,4,2312.0,1391-07-19
2012-10-13,2311.0,2331.0,2310.0,2393.0,66450500,28700,8,2310.0,1391-07-22
2012-10-14,2320.0,2320.0,2298.0,2359.0,164831627,71719,44,2298.0,1391-07-23
2012-10-15,2350.0,2350.0,2294.0,2349.0,74830384,32572,22,2329.0,1391-07-24
2012-10-16,2281.0,2281.0,2260.0,2338.0,57362136,25328,15,2269.0,1391-07-25
2012-10-17,2290.0,2290.0,2245.0,2319.0,106977932,47396,24,2245.0,1391-07-26
2012-10-20,2240.0,2240.0,2227.0,2296.0,114799105,51517,38,2227.0,1391-07-29
2012-10-21,2207.0,2214.0,2205.0,2282.0,69685765,31563,31,2214.0,1391-07-30
2012-10-22,2201.0,2201.0,2191.0,2271.0,57325060,26110,17,2191.0,1391-08-01
2012-10-23,2181.0,2319.0,2181.0,2260.0,169100277,75428,35,2273.0,1391-08-02
2012-10-24,2350.0,2350.0,2350.0,2268.0,40690250,17315,15,2350.0,1391-08-03
2012-10-27,2358.0,2358.0,2358.0,2283.0,76069080,32260,3,2358.0,1391-08-06
2012-10-28,2374.0,2374.0,2374.0,2288.0,26541320,11180,5,2374.0,1391-08-07
2012-10-29,2379.0,2379.0,2379.0,2294.0,30094350,12650,4,2379.0,1391-08-08
2012-10-30,2385.0,2385.0,2350.0,2346.0,287237800,120652,45,2370.0,1391-08-09
2012-10-31,2350.0,2375.0,2265.0,2344.0,75462643,32329,16,2265.0,1391-08-10
2012-11-04,2299.0,2299.0,2299.0,2344.0,229900,100,1,2299.0,1391-08-14
2012-11-05,2251.0,2251.0,2251.0,2340.0,17670350,7850,8,2251.0,1391-08-15
2012-11-06,2247.0,2247.0,2247.0,2339.0,6741000,3000,4,2247.0,1391-08-16
2012-11-07,2246.0,2339.0,2246.0,2307.0,521577107,226072,85,2339.0,1391-08-17
2012-11-10,2280.0,2377.0,2280.0,2335.0,303867578,129258,42,2354.0,1391-08-20
2012-11-11,2374.0,2374.0,2285.0,2340.0,205530090,87581,34,2359.0,1391-08-21
2012-11-12,2300.0,2415.0,2300.0,2369.0,975102537,411670,69,2411.0,1391-08-22
2012-11-13,2392.0,2400.0,2275.0,2349.0,311967068,133395,62,2338.0,1391-08-23
2012-12-11,1786.0,1786.0,1682.0,1714.0,89849622,52733,32,1682.0,1391-09-21
2012-12-12,1646.0,1646.0,1646.0,1701.0,63736412,38722,17,1646.0,1391-09-22
2012-12-15,1633.0,1633.0,1633.0,1697.0,19596000,12000,9,1633.0,1391-09-25
2012-12-16,1630.0,1630.0,1630.0,1696.0,6489030,3981,7,1630.0,1391-09-26
2012-12-17,1629.0,1629.0,1629.0,1693.0,13875822,8518,6,1629.0,1391-09-27
2012-12-18,1626.0,1626.0,1626.0,1691.0,9772260,6010,3,1626.0,1391-09-28
2012-12-19,1624.0,1624.0,1624.0,1684.0,35728000,22000,2,1624.0,1391-09-29
2012-12-22,1617.0,1617.0,1617.0,1617.0,337372497,208641,42,1617.0,1391-10-02
2012-12-23,1622.0,1622.0,1560.0,1614.0,18861008,12022,10,1560.0,1391-10-03
2012-12-24,1555.0,1555.0,1550.0,1588.0,128399650,82733,19,1550.0,1391-10-04
2012-12-25,1525.0,1525.0,1525.0,1587.0,5398500,3540,10,1525.0,1391-10-05
2012-12-26,1524.0,1550.0,1524.0,1582.0,30788451,20047,12,1525.0,1391-10-06
2012-12-29,1525.0,1540.0,1519.0,1567.0,75769321,49834,18,1519.0,1391-10-09
2012-12-30,1505.0,1620.0,1505.0,1552.0,93056720,61266,12,1505.0,1391-10-10
2012-12-31,1493.0,1515.0,1490.0,1534.0,86216350,57838,25,1490.0,1391-10-11
2013-01-01,1500.0,1500.0,1473.0,1520.0,71352906,48362,27,1473.0,1391-10-12
2013-01-02,1460.0,1461.0,1460.0,1500.0,99408800,68080,20,1460.0,1391-10-13
2013-01-06,1450.0,1500.0,1447.0,1496.0,26795980,18389,20,1500.0,1391-10-17
2013-01-07,1519.0,1555.0,1519.0,1508.0,82404150,53519,26,1555.0,1391-10-18
2013-01-08,1568.0,1568.0,1560.0,1517.0,48365728,30858,20,1568.0,1391-10-19
2013-01-09,1577.0,1577.0,1577.0,1528.0,55614482,35266,7,1577.0,1391-10-20
2013-01-13,1589.0,1589.0,1589.0,1531.0,17049970,10730,8,1589.0,1391-10-24
2013-01-14,1592.0,1592.0,1592.0,1535.0,18519736,11633,11,1592.0,1391-10-25
2013-01-15,1596.0,1596.0,1596.0,1538.0,17784228,11143,6,1596.0,1391-10-26
2013-01-16,1599.0,1599.0,1599.0,1551.0,70677399,44201,14,1599.0,1391-10-27
2013-01-19,1613.0,1613.0,1612.0,1565.0,71850698,44546,14,1613.0,1391-10-30
2013-01-20,1627.0,1627.0,1626.0,1570.0,23809812,14635,15,1627.0,1391-11-01
2013-01-21,1632.0,1632.0,1632.0,1574.0,23357184,14312,7,1632.0,1391-11-02
2013-01-22,1635.0,1636.0,1599.0,1588.0,85360970,52412,24,1600.0,1391-11-03
2013-01-23,1600.0,1630.0,1600.0,1591.0,29361501,18104,12,1630.0,1391-11-04
2013-01-26,1528.0,1528.0,1528.0,1586.0,22458544,14698,5,1528.0,1391-11-07
2013-01-27,1523.0,1523.0,1523.0,1585.0,7112410,4670,2,1523.0,1391-11-08
2013-01-30,1522.0,1522.0,1522.0,1585.0,759478,499,2,1522.0,1391-11-11
2013-02-02,1522.0,1522.0,1522.0,1568.0,81181958,53339,12,1522.0,1391-11-14
2013-02-03,1506.0,1506.0,1506.0,1553.0,73813578,49013,14,1506.0,1391-11-15
2013-02-04,1500.0,1500.0,1491.0,1549.0,19189190,12830,7,1491.0,1391-11-16
2013-02-05,1488.0,1610.0,1488.0,1571.0,169585362,106699,40,1610.0,1391-11-17
2013-02-06,1620.0,1633.0,1620.0,1594.0,121051843,74142,17,1633.0,1391-11-18
2013-02-09,1657.0,1657.0,1656.0,1604.0,50203600,30300,8,1657.0,1391-11-21
2013-02-11,1659.0,1668.0,1540.0,1542.0,9555009433,6196604,263,1540.0,1391-11-23
2013-02-12,1603.0,1603.0,1603.0,1549.0,39353650,24550,7,1603.0,1391-11-24
2013-02-13,1610.0,1610.0,1610.0,1552.0,16100000,10000,1,1610.0,1391-11-25
2013-02-17,1614.0,1614.0,1614.0,1558.0,31724784,19656,3,1614.0,1391-11-29
2013-02-18,1620.0,1620.0,1620.0,1558.0,1620,1,1,1620.0,1391-11-30
2013-02-19,1620.0,1620.0,1620.0,1620.0,648000000,400000,17,1620.0,1391-12-01
2013-02-20,1684.0,1684.0,1684.0,1629.0,44844920,26630,5,1684.0,1391-12-02
2013-02-23,1694.0,1694.0,1690.0,1694.0,339195904,200288,35,1692.0,1391-12-05
2013-02-24,1665.0,1761.0,1665.0,1735.0,248376054,141747,20,1761.0,1391-12-06
2013-02-25,1804.0,1804.0,1804.0,1776.0,215027780,119195,25,1804.0,1391-12-07
2013-02-26,1847.0,1847.0,1847.0,1779.0,16667328,9024,5,1847.0,1391-12-08
2013-02-27,1850.0,1850.0,1850.0,1780.0,7309350,3951,3,1850.0,1391-12-09
2013-03-02,1851.0,1851.0,1851.0,1817.0,191726580,103580,11,1851.0,1391-12-12
2013-03-03,1889.0,1889.0,1889.0,1818.0,5821898,3082,4,1889.0,1391-12-13
2013-03-04,1890.0,1890.0,1890.0,1826.0,41865390,22151,14,1890.0,1391-12-14
2013-03-05,1899.0,1899.0,1899.0,1847.0,109078560,57440,5,1899.0,1391-12-15
2013-03-06,1920.0,1920.0,1850.0,1917.0,1234902076,644290,67,1920.0,1391-12-16
2013-03-09,1990.0,1993.0,1990.0,1950.0,177827535,89295,24,1990.0,1391-12-19
2013-03-10,2028.0,2028.0,2028.0,1986.0,184771080,91110,38,2028.0,1391-12-20
2013-03-11,2065.0,2065.0,2048.0,2054.0,378627199,183764,40,2065.0,1391-12-21
2013-03-12,2136.0,2136.0,2136.0,2094.0,208465056,97596,29,2136.0,1391-12-22
2013-03-13,2177.0,2177.0,2177.0,2123.0,152638178,70114,19,2177.0,1391-12-23
2013-03-16,2207.0,2207.0,2207.0,2125.0,9379750,4250,2,2207.0,1391-12-26
2013-03-17,2210.0,2210.0,2210.0,2127.0,9016800,4080,2,2210.0,1391-12-27
2013-03-18,2212.0,2212.0,2212.0,2159.0,166930792,75466,8,2212.0,1391-12-28
2013-03-25,2245.0,2245.0,2245.0,2160.0,4447345,1981,3,2245.0,1392-01-05
2013-03-26,2246.0,2246.0,2246.0,2162.0,11227754,4999,4,2246.0,1392-01-06
2013-03-27,2248.0,2248.0,2248.0,2175.0,67440000,30000,10,2248.0,1392-01-07
2013-03-30,2262.0,2262.0,2262.0,2178.0,14350128,6344,2,2262.0,1392-01-10
2013-03-31,2265.0,2265.0,2120.0,2211.0,174692270,77218,25,2265.0,1392-01-11
2013-04-03,2150.0,2250.0,2123.0,2132.0,468390712,219738,43,2170.0,1392-01-14
2013-04-06,2200.0,2217.0,2200.0,2164.0,177106379,80068,31,2217.0,1392-01-17
2013-04-07,2250.0,2250.0,2170.0,2208.0,314677535,141379,58,2170.0,1392-01-18
2013-04-08,2200.0,2230.0,2120.0,2152.0,293052787,137757,24,2125.0,1392-01-19
2013-04-09,2068.0,2125.0,2068.0,2107.0,231702887,111805,43,2070.0,1392-01-20
2013-04-10,2030.0,2150.0,2023.0,2101.0,40133870,19646,12,2050.0,1392-01-21
2013-04-13,2052.0,2100.0,2032.0,2097.0,37910420,18449,18,2100.0,1392-01-24
2013-04-15,2031.0,2050.0,2025.0,2082.0,91283400,44973,31,2030.0,1392-01-26
2013-04-16,2000.0,2050.0,1999.0,2055.0,146085179,72760,23,2049.0,1392-01-27
2013-04-17,1974.0,2010.0,1973.0,2002.0,307725944,154935,35,1990.0,1392-01-28
2013-04-20,1930.0,1960.0,1922.0,2000.0,16757640,8618,8,1960.0,1392-01-31
2013-04-21,1920.0,1921.0,1920.0,1973.0,130124260,67773,28,1920.0,1392-02-01
2013-04-22,1902.0,1940.0,1900.0,1971.0,14136520,7335,4,1940.0,1392-02-02
2013-04-23,1970.0,2020.0,1970.0,1972.0,90408340,45802,11,2000.0,1392-02-03
2013-04-24,2050.0,2050.0,2050.0,1982.0,54644800,26656,7,2050.0,1392-02-04
2013-04-27,2061.0,2061.0,2061.0,2001.0,97099893,47113,18,2061.0,1392-02-07
2013-04-28,2081.0,2081.0,2081.0,2016.0,78037500,37500,3,2081.0,1392-02-08
2013-04-29,2096.0,2096.0,2096.0,2016.0,2517296,1201,2,2096.0,1392-02-09
2013-04-30,2096.0,2096.0,2096.0,2029.0,70354336,33566,8,2096.0,1392-02-10
2013-05-04,2181.0,2185.0,2181.0,2182.0,138182368,63328,13,2185.0,1392-02-14
2013-05-05,2236.0,2236.0,2101.0,2148.0,274425757,128868,47,2101.0,1392-02-15
2013-05-06,2100.0,2100.0,2063.0,2123.0,144958792,69811,26,2063.0,1392-02-16
2013-05-07,2039.0,2039.0,2039.0,2121.0,9118408,4472,7,2039.0,1392-02-17
2013-05-08,2037.0,2037.0,2037.0,2121.0,18333,9,1,2037.0,1392-02-18
2013-05-11,2037.0,2038.0,2037.0,2047.0,358663738,176074,49,2037.0,1392-02-21
2013-05-12,2040.0,2080.0,2000.0,2017.0,277925408,138746,20,2001.0,1392-02-22
2013-05-13,1980.0,2050.0,1937.0,2013.0,50623032,25500,14,1990.0,1392-02-23
2013-05-14,1956.0,1956.0,1937.0,2005.0,42000397,21630,14,1941.0,1392-02-24
2013-05-15,1941.0,1998.0,1925.0,1993.0,60181092,31202,17,1925.0,1392-02-25
2013-05-18,1914.0,1966.0,1914.0,1981.0,60480012,31558,10,1914.0,1392-02-28
2013-05-19,1902.0,1902.0,1902.0,1972.0,43983750,23125,14,1902.0,1392-02-29
2013-05-20,1977.0,2000.0,1894.0,1966.0,115729318,59295,19,1930.0,1392-02-30
2013-05-21,2000.0,2000.0,1989.0,1967.0,21484720,10788,10,1990.0,1392-02-31
2013-05-22,1895.0,1895.0,1895.0,1967.0,1218485,643,2,1895.0,1392-03-01
2013-05-25,1989.0,1989.0,1989.0,1967.0,9945000,5000,1,1989.0,1392-03-04
2013-05-26,1980.0,1980.0,1980.0,1967.0,19800000,10000,2,1980.0,1392-03-05
2013-05-27,1998.0,1998.0,1910.0,1967.0,52315394,26667,11,1910.0,1392-03-06
2013-05-29,1960.0,1998.0,1910.0,1964.0,63156181,32615,18,1910.0,1392-03-08
2013-06-01,2001.0,2042.0,2000.0,1971.0,68772148,33931,21,2042.0,1392-03-11
2013-06-02,2045.0,2049.0,2045.0,2007.0,305985240,149380,32,2049.0,1392-03-12
2013-06-03,2087.0,2087.0,2087.0,2033.0,220846340,105820,32,2087.0,1392-03-13
2013-06-08,2114.0,2114.0,2114.0,2056.0,188412364,89126,17,2114.0,1392-03-18
2013-06-09,2138.0,2138.0,2100.0,2091.0,341896035,160774,72,2100.0,1392-03-19
2013-06-10,2009.0,2174.0,2009.0,2118.0,272891476,126342,27,2174.0,1392-03-20
2013-06-11,2200.0,2202.0,2119.0,2140.0,241252570,110653,24,2202.0,1392-03-21
2013-06-12,2183.0,2225.0,2150.0,2161.0,221731939,100507,34,2156.0,1392-03-22
2013-06-15,2200.0,2247.0,2200.0,2196.0,336447320,150535,58,2247.0,1392-03-25
2013-06-16,2280.0,2283.0,2280.0,2224.0,239422376,104898,48,2283.0,1392-03-26
2013-06-17,2312.0,2312.0,2312.0,2312.0,2413101448,1043729,52,2312.0,1392-03-27
2013-06-18,2404.0,2404.0,2231.0,2403.0,1931898607,803938,73,2232.0,1392-03-28
2013-06-19,2499.0,2499.0,2410.0,2469.0,1242552521,503312,78,2489.0,1392-03-29
2013-06-22,2560.0,2567.0,2520.0,2565.0,1044228594,407082,78,2520.0,1392-04-01
2013-06-23,2600.0,2667.0,2590.0,2653.0,4235683583,1596864,116,2667.0,1392-04-02
2013-06-25,2671.0,2759.0,2671.0,2755.0,1344084173,487791,70,2759.0,1392-04-04
2013-06-26,2865.0,2865.0,2864.0,2865.0,5163747140,1802356,97,2865.0,1392-04-05
2013-06-29,2974.0,2974.0,2763.0,2858.0,1016546778,355661,65,2820.0,1392-04-08
2013-06-30,2918.0,2918.0,2760.0,2862.0,4282428296,1496456,175,2887.0,1392-04-09
2013-07-01,2888.0,2888.0,2748.0,2802.0,950028803,339054,93,2748.0,1392-04-10
2013-07-02,2690.0,2914.0,2690.0,2863.0,6408016236,2238423,165,2914.0,1392-04-11
2013-07-03,2977.0,2977.0,2977.0,2977.0,3889111122,1306386,61,2977.0,1392-04-12
2013-07-06,3096.0,3096.0,3096.0,3096.0,1053633816,340321,21,3096.0,1392-04-15
2013-07-07,3219.0,3219.0,2973.0,3192.0,12048517884,3775144,245,3190.0,1392-04-16
2013-07-08,3200.0,3290.0,3065.0,3217.0,3880357377,1206202,148,3160.0,1392-04-17
2013-07-09,3272.0,3272.0,3175.0,3202.0,2361668650,737578,68,3175.0,1392-04-18
2013-07-10,3170.0,3220.0,3080.0,3160.0,1862208248,589354,93,3200.0,1392-04-19
2013-07-13,3110.0,3250.0,3034.0,3181.0,2053796945,645741,84,3250.0,1392-04-22
2013-07-14,3299.0,3299.0,3071.0,3157.0,667495363,212221,47,3071.0,1392-04-23
2013-07-15,3060.0,3219.0,3055.0,3175.0,1649316296,519512,82,3219.0,1392-04-24
2013-07-16,3170.0,3170.0,3076.0,3141.0,432513576,139676,14,3077.0,1392-04-25
2013-07-17,3055.0,3266.0,3050.0,3214.0,1707069907,531053,67,3266.0,1392-04-26
2013-07-20,3342.0,3342.0,3250.0,3340.0,2268416527,679142,102,3342.0,1392-04-29
2013-07-21,3470.0,3473.0,3342.0,3471.0,4531439060,1305702,153,3473.0,1392-04-30
2013-07-22,3609.0,3609.0,3450.0,3596.0,2433535029,676742,134,3609.0,1392-04-31
2013-07-23,3735.0,3739.0,3680.0,3733.0,2209244925,591893,117,3680.0,1392-05-01
2013-07-24,3800.0,3800.0,3584.0,3657.0,3902418279,1067025,125,3750.0,1392-05-02
2013-07-27,3710.0,3803.0,3700.0,3763.0,4257255729,1131433,158,3760.0,1392-05-05
2013-07-28,3701.0,3895.0,3650.0,3797.0,3137887965,826327,130,3770.0,1392-05-06
2013-07-29,3730.0,3768.0,3646.0,3743.0,421556694,115546,51,3646.0,1392-05-07
2013-07-31,3594.0,3596.0,3594.0,3686.0,441691412,122895,37,3594.0,1392-05-09
2013-08-03,3750.0,3750.0,3539.0,3561.0,1328851963,373127,35,3550.0,1392-05-12
2013-08-04,3420.0,3550.0,3419.0,3498.0,838841551,241211,44,3550.0,1392-05-13
2013-08-05,3443.0,3443.0,3359.0,3460.0,366986465,108405,21,3363.0,1392-05-14
2013-08-06,3390.0,3449.0,3322.0,3403.0,490526909,147068,46,3322.0,1392-05-15
2013-08-07,3267.0,3400.0,3267.0,3301.0,917936422,279322,57,3330.0,1392-05-16
2013-08-11,3400.0,3433.0,3333.0,3402.0,1402952130,412340,77,3433.0,1392-05-20
2013-08-12,3538.0,3538.0,3350.0,3521.0,1802740800,511930,69,3499.0,1392-05-21
2013-08-13,3537.0,3537.0,3381.0,3483.0,2011420890,577529,68,3381.0,1392-05-22
2013-08-14,3500.0,3500.0,3382.0,3462.0,913395221,264203,39,3460.0,1392-05-23
2013-08-17,3454.0,3599.0,3324.0,3471.0,990983026,285450,65,3500.0,1392-05-26
2013-08-18,3341.0,3599.0,3341.0,3476.0,559517370,160741,25,3401.0,1392-05-27
2013-08-19,3564.0,3593.0,3420.0,3488.0,245900037,69677,11,3480.0,1392-05-28
2013-08-20,3400.0,3400.0,3349.0,3447.0,371844815,110337,31,3349.0,1392-05-29
2013-08-21,3350.0,3400.0,3310.0,3429.0,145446541,43820,22,3313.0,1392-05-30
2013-08-27,3429.0,3429.0,3429.0,3429.0,1543050000,450000,60,3429.0,1392-06-05
2013-08-28,3292.0,3292.0,3292.0,3428.0,10099856,3068,4,3292.0,1392-06-06
2013-08-31,3291.0,3291.0,3291.0,3428.0,32910,10,1,3291.0,1392-06-09
2013-09-01,3291.0,3291.0,3291.0,3428.0,65820,20,1,3291.0,1392-06-10
2013-09-03,3291.0,3310.0,3291.0,3291.0,1351641454,410694,44,3291.0,1392-06-12
2013-09-04,3291.0,3291.0,3160.0,3208.0,639647776,202419,28,3160.0,1392-06-13
2013-09-07,3080.0,3080.0,3080.0,3206.0,12320000,4000,4,3080.0,1392-06-16
2013-09-08,3078.0,3175.0,3078.0,3091.0,959918728,310881,26,3130.0,1392-06-17
2013-09-09,2968.0,3150.0,2968.0,3090.0,69032130,22430,11,3150.0,1392-06-18
2013-09-10,2975.0,3212.0,2972.0,3083.0,134054515,44143,16,3212.0,1392-06-19
2013-09-11,3140.0,3200.0,3041.0,3090.0,126750400,40400,8,3200.0,1392-06-20
2013-09-14,3199.0,3213.0,3150.0,3099.0,91819476,28733,14,3200.0,1392-06-23
2013-09-15,3213.0,3222.0,3100.0,3107.0,92247318,28973,13,3100.0,1392-06-24
2013-09-16,3100.0,3230.0,2985.0,3102.0,148436315,48251,16,3100.0,1392-06-25
2013-09-17,3001.0,3226.0,3001.0,3151.0,449243769,139820,32,3226.0,1392-06-26
2013-09-18,3266.0,3277.0,3266.0,3277.0,15939513505,4864065,1070,3277.0,1392-06-27
2013-09-21,3408.0,3408.0,3405.0,3408.0,3923030201,1151246,291,3408.0,1392-06-30
2013-09-22,3542.0,3542.0,3273.0,3414.0,341587099,99621,38,3385.0,1392-06-31
2013-09-23,3450.0,3500.0,3401.0,3431.0,332686898,95830,43,3460.0,1392-07-01
2013-09-24,3493.0,3568.0,3493.0,3560.0,2063293209,579554,89,3568.0,1392-07-02
2013-09-25,3679.0,3679.0,3450.0,3580.0,765828338,213292,71,3580.0,1392-07-03
2013-09-28,3599.0,3650.0,3463.0,3571.0,1040591054,291476,93,3463.0,1392-07-06
2013-09-29,3599.0,3599.0,3429.0,3493.0,664818624,193159,50,3429.0,1392-07-07
2013-09-30,3354.0,3360.0,3354.0,3446.0,366141718,109133,32,3354.0,1392-07-08
2013-10-01,3309.0,3398.0,3309.0,3369.0,639065484,192594,65,3311.0,1392-07-09
2013-10-02,3398.0,3398.0,3300.0,3366.0,80379390,24158,12,3350.0,1392-07-10
2013-10-05,3390.0,3390.0,3232.0,3327.0,333773741,102885,60,3250.0,1392-07-13
2013-10-06,3200.0,3300.0,3194.0,3282.0,390714821,121754,58,3285.0,1392-07-14
2013-10-07,3200.0,3413.0,3151.0,3270.0,1118783325,342097,74,3380.0,1392-07-15
2013-10-08,3238.0,3251.0,3238.0,3268.0,109754752,33795,15,3251.0,1392-07-16
2013-10-09,3235.0,3290.0,3235.0,3268.0,109927771,33635,29,3270.0,1392-07-17
2013-10-12,3298.0,3398.0,3240.0,3283.0,326514845,98426,34,3283.0,1392-07-20
2013-10-13,3300.0,3300.0,3155.0,3267.0,145108722,45752,29,3160.0,1392-07-21
2013-10-14,3200.0,3200.0,3137.0,3231.0,345892643,109409,37,3140.0,1392-07-22
2013-10-15,3279.0,3279.0,3111.0,3218.0,150487730,47815,57,3141.0,1392-07-23
2013-10-19,3200.0,3200.0,3090.0,3094.0,1146025170,370358,100,3090.0,1392-07-27
2013-10-20,3090.0,3130.0,2971.0,3067.0,235414023,78853,38,2971.0,1392-07-28
2013-10-21,2980.0,3160.0,2980.0,3069.0,60784120,19567,10,3160.0,1392-07-29
2013-10-22,3130.0,3139.0,3100.0,3080.0,197982660,63324,23,3139.0,1392-07-30
2013-10-23,3150.0,3182.0,2957.0,3089.0,502041565,162018,98,3160.0,1392-08-01
2013-10-26,3150.0,3160.0,3007.0,3093.0,193757363,62322,33,3024.0,1392-08-04
2013-10-27,3000.0,3100.0,3000.0,3086.0,131851885,43373,25,3100.0,1392-08-05
2013-10-28,3100.0,3100.0,3000.0,3081.0,84958163,28092,18,3051.0,1392-08-06
2013-10-29,3052.0,3118.0,3004.0,3080.0,121534748,39594,31,3013.0,1392-08-07
2013-10-30,3090.0,3159.0,3090.0,3089.0,234462605,75141,49,3110.0,1392-08-08
2013-11-02,3100.0,3200.0,3000.0,3078.0,338828379,110787,33,3190.0,1392-08-11
2013-11-03,3185.0,3185.0,3021.0,3074.0,120018095,39368,21,3070.0,1392-08-12
2013-11-04,3100.0,3196.0,3100.0,3161.0,748913988,234621,53,3196.0,1392-08-13
2013-11-05,3287.0,3287.0,3287.0,3241.0,669456716,203668,42,3287.0,1392-08-14
2013-11-06,3330.0,3350.0,3112.0,3296.0,848883188,256472,95,3280.0,1392-08-15
2013-11-09,3251.0,3339.0,3165.0,3224.0,605652466,190738,67,3165.0,1392-08-18
2013-11-10,3100.0,3190.0,3100.0,3210.0,186506855,59284,20,3150.0,1392-08-19
2013-11-11,3090.0,3248.0,3082.0,3160.0,465056095,149899,55,3180.0,1392-08-20
2013-11-12,3042.0,3210.0,3041.0,3159.0,190929077,60562,33,3183.0,1392-08-21
2013-11-16,3185.0,3285.0,3051.0,3239.0,1206244578,372439,84,3285.0,1392-08-25
2013-11-17,3299.0,3368.0,3255.0,3344.0,1229763854,367801,86,3368.0,1392-08-26
2013-11-18,3477.0,3477.0,3451.0,3476.0,1342695094,386222,103,3477.0,1392-08-27
2013-11-19,3531.0,3615.0,3530.0,3610.0,2835030858,785378,143,3615.0,1392-08-28
2013-11-20,3690.0,3754.0,3500.0,3724.0,2976098128,799112,194,3754.0,1392-08-29
2013-11-23,3868.0,3868.0,3630.0,3806.0,2708811187,711631,220,3789.0,1392-09-02
2013-11-24,3835.0,3850.0,3654.0,3743.0,2031373252,542698,222,3665.0,1392-09-03
2013-11-25,3787.0,3787.0,3594.0,3655.0,2006367031,548923,157,3594.0,1392-09-04
2013-11-26,3590.0,3698.0,3509.0,3580.0,1439251146,402015,161,3521.0,1392-09-05
2013-12-04,3101.0,3200.0,3101.0,3193.0,540174036,170935,69,3155.0,1392-09-13
2013-12-07,3179.0,3320.0,3111.0,3224.0,951080247,294772,81,3320.0,1392-09-16
2013-12-08,3352.0,3352.0,3352.0,3314.0,752192152,224401,37,3352.0,1392-09-17
2013-12-09,3446.0,3446.0,3446.0,3378.0,534391896,155076,38,3446.0,1392-09-18
2013-12-10,3510.0,3510.0,3250.0,3443.0,1308581201,380110,116,3495.0,1392-09-19
2013-12-11,3500.0,3580.0,3498.0,3533.0,849904874,238486,55,3580.0,1392-09-20
2013-12-14,3581.0,3674.0,3570.0,3659.0,4116360905,1124964,151,3674.0,1392-09-23
2013-12-15,3805.0,3805.0,3805.0,3805.0,20544195715,5399263,316,3805.0,1392-09-24
2013-12-16,3957.0,3957.0,3957.0,3957.0,20375305260,5149180,230,3957.0,1392-09-25
2013-12-17,4099.0,4115.0,3853.0,4078.0,24449016393,5995611,676,4114.0,1392-09-26
2013-12-18,4030.0,4200.0,3915.0,4068.0,5865958272,1442034,253,4079.0,1392-09-27
2013-12-21,4049.0,4049.0,3906.0,3934.0,1120087203,285908,76,3906.0,1392-09-30
2013-12-22,3777.0,4050.0,3777.0,3913.0,5227018529,1335929,225,4000.0,1392-10-01
2013-12-24,4048.0,4068.0,3850.0,4028.0,5141516884,1276525,220,3989.0,1392-10-03
2013-12-25,3990.0,4089.0,3872.0,4000.0,4815612544,1203972,192,3901.0,1392-10-04
2013-12-28,4008.0,4045.0,3840.0,3934.0,3117778947,792490,149,3870.0,1392-10-07
2013-12-29,3781.0,3987.0,3781.0,3885.0,1988548336,511910,98,3890.0,1392-10-08
2013-12-30,3950.0,4040.0,3885.0,4011.0,5618802201,1400756,266,4020.0,1392-10-09
2014-01-01,4055.0,4171.0,4055.0,4150.0,19083018760,4598171,919,4171.0,1392-10-11
2014-01-04,4290.0,4316.0,4173.0,4294.0,21514475967,5010737,622,4316.0,1392-10-14
2014-01-05,4465.0,4465.0,4465.0,4465.0,27353299935,6126159,578,4465.0,1392-10-15
2014-01-06,4600.0,4600.0,4301.0,4542.0,15577261889,3429862,791,4400.0,1392-10-16
2014-01-07,4570.0,4570.0,4361.0,4448.0,5007589498,1125748,351,4361.0,1392-10-17
2014-01-08,4400.0,4625.0,4400.0,4563.0,9522348586,2086706,407,4625.0,1392-10-18
2014-01-11,4420.0,4650.0,4381.0,4499.0,3259874711,724506,268,4381.0,1392-10-21
2014-01-12,4322.0,4322.0,4320.0,4444.0,424142640,98177,22,4320.0,1392-10-22
2014-01-13,4330.0,4620.0,4287.0,4500.0,7962722231,1769637,381,4490.0,1392-10-23
2014-01-14,4600.0,4600.0,4320.0,4468.0,3179183297,711596,207,4390.0,1392-10-24
2014-01-15,4292.0,4292.0,4290.0,4420.0,372239330,86767,38,4290.0,1392-10-25
2014-01-18,4244.0,4244.0,4244.0,4414.0,47570996,11209,10,4244.0,1392-10-28
2014-01-20,4238.0,4238.0,4238.0,4402.0,95435522,22519,5,4238.0,1392-10-30
2014-01-21,4226.0,4226.0,4226.0,4392.0,77851372,18422,6,4226.0,1392-11-01
2014-01-25,4217.0,4217.0,4217.0,4389.0,23193500,5500,4,4217.0,1392-11-05
2014-01-26,4214.0,4214.0,4214.0,4389.0,1053500,250,1,4214.0,1392-11-06
2014-01-27,4214.0,4214.0,4214.0,4386.0,26000380,6170,2,4214.0,1392-11-07
2014-01-28,4211.0,4211.0,4211.0,4379.0,50532000,12000,6,4211.0,1392-11-08
2014-01-29,4204.0,4204.0,4204.0,4374.0,35923180,8545,8,4204.0,1392-11-09
2014-02-01,4200.0,4200.0,4200.0,4238.0,1048496400,249642,67,4200.0,1392-11-12
2014-02-02,4069.0,4178.0,4069.0,4072.0,14684319323,3606559,593,4069.0,1392-11-13
2014-02-03,4030.0,4190.0,3910.0,3991.0,6497237059,1628173,396,3913.0,1392-11-14
2014-02-04,4001.0,4150.0,4001.0,4146.0,8412404634,2029216,317,4150.0,1392-11-15
2014-02-05,4150.0,4150.0,3981.0,4040.0,1896340302,469370,119,3981.0,1392-11-16
2014-02-08,3879.0,3879.0,3879.0,4036.0,31807800,8200,2,3879.0,1392-11-19
2014-02-09,3875.0,3875.0,3875.0,3922.0,876734250,226254,28,3875.0,1392-11-20
2014-02-10,3766.0,3766.0,3766.0,3892.0,235375000,62500,8,3766.0,1392-11-21
2014-02-12,3737.0,3737.0,3737.0,3891.0,4970210,1330,1,3737.0,1392-11-23
2014-02-15,3736.0,3736.0,3736.0,3887.0,31767208,8503,7,3736.0,1392-11-26
2014-02-16,3732.0,3989.0,3732.0,3804.0,5595946792,1471151,263,3804.0,1392-11-27
2014-02-17,3800.0,3949.0,3652.0,3787.0,4347408518,1147863,300,3787.0,1392-11-28
2014-02-18,3640.0,3680.0,3636.0,3639.0,3054763636,839442,139,3636.0,1392-11-29
2014-02-19,3500.0,3777.0,3500.0,3665.0,3849222814,1050186,247,3665.0,1392-11-30
2014-02-22,3790.0,3790.0,3530.0,3721.0,2640559541,709706,193,3721.0,1392-12-03
2014-02-23,3700.0,3730.0,3573.0,3589.0,2748808583,765973,200,3589.0,1392-12-04
2014-02-24,3520.0,3549.0,3453.0,3490.0,1788601098,512428,142,3490.0,1392-12-05
2014-02-25,3364.0,3418.0,3351.0,3361.0,1457701231,433690,119,3351.0,1392-12-06
2014-02-26,3227.0,3300.0,3227.0,3231.0,3949965892,1222378,199,3227.0,1392-12-07
2014-03-01,3346.0,3346.0,3104.0,3161.0,1085358999,343334,139,3164.0,1392-12-10
2014-03-02,3120.0,3120.0,3035.0,3038.0,1309788126,431092,153,3035.0,1392-12-11
2014-03-03,2920.0,2920.0,2917.0,3015.0,178676740,61220,13,2917.0,1392-12-12
2014-03-04,2895.0,3038.0,2895.0,2933.0,2798462517,954065,145,2933.0,1392-12-13
2014-03-05,2830.0,3050.0,2830.0,3027.0,1498224649,494939,157,3027.0,1392-12-14
2014-03-08,3145.0,3145.0,2906.0,2946.0,999213220,339122,106,2906.0,1392-12-17
2014-03-09,2831.0,2831.0,2829.0,2917.0,225933391,79846,29,2829.0,1392-12-18
2014-03-10,2801.0,2801.0,2801.0,2862.0,426278588,152188,55,2801.0,1392-12-19
2014-03-11,2748.0,2748.0,2748.0,2848.0,111151104,40448,14,2748.0,1392-12-20
2014-03-12,2735.0,2799.0,2735.0,2744.0,1599950040,583053,139,2744.0,1392-12-21
2014-03-15,2839.0,2839.0,2760.0,2792.0,702866092,250539,74,2780.0,1392-12-24
2014-03-16,2770.0,2850.0,2700.0,2755.0,1074894401,390111,119,2739.0,1392-12-25
2014-03-17,2782.0,2865.0,2752.0,2835.0,1932807767,681876,160,2865.0,1392-12-26
2014-03-18,2948.0,2948.0,2820.0,2932.0,2895064227,987556,211,2948.0,1392-12-27
2014-03-19,3030.0,3049.0,2900.0,3031.0,1469218390,484678,156,3045.0,1392-12-28
2014-03-25,3139.0,3139.0,2910.0,2962.0,1016299180,343142,83,2910.0,1393-01-05
2014-03-26,2844.0,2894.0,2844.0,2940.0,175917586,61809,34,2844.0,1393-01-06
2014-03-29,2880.0,2880.0,2823.0,2878.0,483069127,171099,41,2823.0,1393-01-09
2014-03-30,2770.0,2979.0,2770.0,2905.0,1335159712,459633,129,2901.0,1393-01-10
2014-03-31,2990.0,2990.0,2822.0,2883.0,2281692083,791544,138,2850.0,1393-01-11
2014-04-05,2800.0,2940.0,2800.0,2837.0,1162073481,409552,110,2840.0,1393-01-16
2014-04-06,2800.0,2811.0,2725.0,2752.0,1434783005,521351,154,2742.0,1393-01-17
2014-04-07,2780.0,2844.0,2760.0,2807.0,810093825,288022,177,2830.0,1393-01-18
2014-04-08,2900.0,2900.0,2800.0,2850.0,1124356407,394522,154,2800.0,1393-01-19
2014-04-09,2767.0,2850.0,2767.0,2813.0,515437805,185024,64,2780.0,1393-01-20
2014-04-12,2760.0,2782.0,2701.0,2721.0,764926432,282348,92,2701.0,1393-01-23
2014-04-13,2663.0,2663.0,2613.0,2692.0,242184540,92380,28,2613.0,1393-01-24
2014-04-14,2585.0,2585.0,2585.0,2688.0,32829500,12700,4,2585.0,1393-01-25
2014-04-15,2581.0,2700.0,2581.0,2601.0,1375702806,528841,161,2581.0,1393-01-26
2014-04-16,2601.0,2685.0,2500.0,2583.0,1537701411,595312,203,2536.0,1393-01-27
2014-04-19,2520.0,2520.0,2480.0,2489.0,757551032,304959,79,2480.0,1393-01-30
2014-04-20,2403.0,2580.0,2403.0,2509.0,578453823,229818,87,2530.0,1393-01-31
2014-04-21,2550.0,2609.0,2501.0,2594.0,1546009105,595973,135,2609.0,1393-02-01
2014-04-22,2697.0,2697.0,2602.0,2691.0,2157440664,801627,248,2684.0,1393-02-02
2014-04-23,2666.0,2750.0,2608.0,2697.0,1006043089,373088,107,2721.0,1393-02-03
2014-04-26,2770.0,2804.0,2749.0,2791.0,882106847,315958,86,2804.0,1393-02-06
2014-04-27,2890.0,2890.0,2721.0,2829.0,1861819146,658083,167,2820.0,1393-02-07
2014-04-28,2718.0,2780.0,2718.0,2807.0,253782296,92223,32,2735.0,1393-02-08
2014-04-29,2731.0,2740.0,2695.0,2742.0,549995332,203308,86,2700.0,1393-02-09
2014-04-30,2680.0,2720.0,2633.0,2679.0,674133320,253149,80,2633.0,1393-02-10
2014-05-03,2700.0,2700.0,2610.0,2648.0,564677593,214479,52,2626.0,1393-02-13
2014-05-04,2627.0,2627.0,2580.0,2636.0,264858183,101462,33,2620.0,1393-02-14
2014-05-05,2665.0,2666.0,2550.0,2616.0,273778350,106282,34,2592.0,1393-02-15
2014-05-06,2690.0,2690.0,2512.0,2576.0,837267972,325039,73,2601.0,1393-02-16
2014-05-07,2580.0,2590.0,2502.0,2571.0,215590841,84303,25,2559.0,1393-02-17
2014-05-10,2534.0,2555.0,2500.0,2550.0,287303423,114312,48,2510.0,1393-02-20
2014-05-11,2500.0,2591.0,2480.0,2549.0,329378839,129295,39,2540.0,1393-02-21
2014-05-12,2500.0,2647.0,2495.0,2574.0,757959783,294203,60,2647.0,1393-02-22
2014-05-14,2670.0,2670.0,2550.0,2573.0,194630816,75760,30,2576.0,1393-02-24
2014-05-17,2570.0,2570.0,2471.0,2501.0,599501493,241967,60,2471.0,1393-02-27
2014-05-18,2472.0,2530.0,2472.0,2498.0,443049824,177513,46,2481.0,1393-02-28
2014-05-19,2590.0,2590.0,2413.0,2469.0,465181446,189973,47,2431.0,1393-02-29
2014-05-20,2470.0,2530.0,2422.0,2501.0,892259378,356734,110,2499.0,1393-02-30
2014-05-21,2530.0,2601.0,2500.0,2576.0,2421246573,939863,160,2601.0,1393-02-31
2014-05-24,2670.0,2670.0,2481.0,2518.0,848502171,336958,87,2540.0,1393-03-03
2014-05-25,2479.0,2550.0,2421.0,2465.0,550269780,225237,72,2550.0,1393-03-04
2014-05-26,2464.0,2464.0,2386.0,2421.0,664323014,275262,140,2388.0,1393-03-05
2014-05-28,2400.0,2405.0,2325.0,2358.0,671925614,285897,94,2336.0,1393-03-07
2014-05-31,2300.0,2316.0,2264.0,2285.0,1054654259,461581,141,2264.0,1393-03-10
2014-06-01,2264.0,2264.0,2194.0,2197.0,826566309,376170,105,2194.0,1393-03-11
2014-06-02,2150.0,2250.0,2150.0,2200.0,472688204,214774,64,2230.0,1393-03-12
2014-06-03,2148.0,2288.0,2148.0,2228.0,293971908,129617,36,2288.0,1393-03-13
2014-06-07,2317.0,2317.0,2317.0,2297.0,574467712,247936,27,2317.0,1393-03-17
2014-06-08,2369.0,2369.0,2265.0,2322.0,921373728,396797,88,2300.0,1393-03-18
2014-06-09,2234.0,2322.0,2230.0,2288.0,339399068,150867,44,2280.0,1393-03-19
2014-06-10,2221.0,2230.0,2216.0,2277.0,116937979,52655,23,2230.0,1393-03-20
2014-06-11,2200.0,2234.0,2200.0,2254.0,295186715,132882,38,2220.0,1393-03-21
2014-06-14,2164.0,2166.0,2164.0,2226.0,216612551,100089,38,2164.0,1393-03-24
2014-06-15,2297.0,2297.0,2137.0,2214.0,132026000,61000,28,2137.0,1393-03-25
2014-06-16,2126.0,2270.0,2126.0,2203.0,798748099,362526,87,2222.0,1393-03-26
2014-06-17,2201.0,2201.0,2121.0,2192.0,161468058,74941,28,2150.0,1393-03-27
2014-06-18,2199.0,2240.0,2199.0,2200.0,221481732,99846,31,2224.0,1393-03-28
2014-06-21,2231.0,2250.0,2200.0,2205.0,223536793,100841,39,2200.0,1393-03-31
2014-06-22,2180.0,2181.0,2131.0,2189.0,204448836,95010,23,2131.0,1393-04-01
2014-06-23,2150.0,2150.0,2102.0,2114.0,693696182,328087,79,2102.0,1393-04-02
2014-06-24,2050.0,2078.0,2030.0,2035.0,1049618684,515705,86,2060.0,1393-04-03
2014-06-25,2030.0,2088.0,1980.0,2033.0,133781714,66131,27,2010.0,1393-04-04
2014-06-28,1961.0,1961.0,1952.0,1964.0,540084258,276522,65,1952.0,1393-04-07
2014-06-29,1890.0,1890.0,1886.0,1927.0,290013500,153750,29,1886.0,1393-04-08
2014-06-30,1850.0,1851.0,1850.0,1870.0,437098100,236266,54,1850.0,1393-04-09
2014-07-01,1800.0,1944.0,1797.0,1884.0,379960733,200851,53,1944.0,1393-04-10
2014-07-02,1957.0,1959.0,1944.0,1923.0,332429065,169850,30,1959.0,1393-04-11
2014-07-05,1999.0,1999.0,1999.0,1999.0,641912883,321117,23,1999.0,1393-04-14
2014-07-06,2078.0,2078.0,1970.0,2074.0,3430398173,1654295,195,2078.0,1393-04-15
2014-07-07,2156.0,2156.0,2156.0,2156.0,692024256,320976,27,2156.0,1393-04-16
2014-07-08,2242.0,2242.0,2242.0,2242.0,720681932,321446,23,2242.0,1393-04-17
2014-07-09,2331.0,2331.0,2243.0,2323.0,5683509062,2447036,263,2331.0,1393-04-18
2014-07-12,2370.0,2409.0,2243.0,2372.0,3975100940,1675551,214,2310.0,1393-04-21
2014-07-13,2410.0,2410.0,2278.0,2332.0,1291000937,553562,98,2279.0,1393-04-22
2014-07-14,2330.0,2330.0,2250.0,2291.0,502890529,221247,59,2305.0,1393-04-23
2014-07-15,2349.0,2350.0,2255.0,2290.0,203859310,89094,52,2263.0,1393-04-24
2014-07-16,2270.0,2379.0,2261.0,2348.0,888282598,378306,80,2365.0,1393-04-25
2014-07-20,2385.0,2385.0,2286.0,2329.0,278275550,121081,29,2300.0,1393-04-29
2014-07-21,2293.0,2347.0,2256.0,2304.0,1147041354,497782,95,2338.0,1393-04-30
2014-07-22,2350.0,2396.0,2308.0,2389.0,3473988054,1454279,130,2396.0,1393-04-31
2014-07-23,2470.0,2484.0,2430.0,2480.0,3127882226,1260990,186,2484.0,1393-05-01
2014-07-26,2510.0,2579.0,2510.0,2577.0,3637860977,1411824,226,2579.0,1393-05-04
2014-07-27,2600.0,2680.0,2595.0,2670.0,2806261870,1050881,126,2680.0,1393-05-05
2014-07-28,2770.0,2776.0,2699.0,2774.0,6420839865,2314248,372,2776.0,1393-05-06
2014-08-02,2840.0,2840.0,2664.0,2680.0,2403561457,896909,256,2664.0,1393-05-11
2014-08-03,2610.0,2787.0,2610.0,2750.0,2729578289,992702,240,2775.0,1393-05-12
2014-08-04,2800.0,2860.0,2800.0,2856.0,4344724089,1521212,180,2860.0,1393-05-13
2014-08-05,2950.0,2950.0,2802.0,2853.0,1575348775,552178,105,2802.0,1393-05-14
2014-08-06,2751.0,2837.0,2739.0,2749.0,1547462637,562947,122,2739.0,1393-05-15
2014-08-09,2640.0,2789.0,2640.0,2659.0,736936206,278540,66,2640.0,1393-05-18
2014-08-10,2560.0,2650.0,2560.0,2591.0,1287153144,496853,91,2601.0,1393-05-19
2014-08-11,2680.0,2680.0,2590.0,2627.0,549030222,207503,95,2640.0,1393-05-20
2014-08-12,2653.0,2653.0,2561.0,2613.0,601263815,230569,36,2628.0,1393-05-21
2014-08-13,2560.0,2649.0,2509.0,2527.0,2249717542,890273,148,2648.0,1393-05-22
2014-08-16,2628.0,2628.0,2628.0,2547.0,170533548,64891,21,2628.0,1393-05-25
2014-08-17,2648.0,2648.0,2648.0,2648.0,847360000,320000,30,2648.0,1393-05-26
2014-08-18,2753.0,2753.0,2655.0,2720.0,2485216376,913659,171,2695.0,1393-05-27
2014-08-19,2720.0,2746.0,2649.0,2715.0,2154945975,793662,297,2710.0,1393-05-28
2014-08-20,2710.0,2795.0,2684.0,2713.0,1099004039,405076,148,2686.0,1393-05-29
2014-08-23,2699.0,2740.0,2605.0,2662.0,781347131,293960,99,2665.0,1393-06-01
2014-08-24,2571.0,2700.0,2571.0,2690.0,1913749685,711306,133,2700.0,1393-06-02
2014-08-25,2750.0,2750.0,2651.0,2692.0,530649149,197071,63,2687.0,1393-06-03
2014-08-26,2699.0,2700.0,2610.0,2668.0,399367392,151154,56,2627.0,1393-06-04
2014-08-27,2620.0,2698.0,2580.0,2642.0,735606256,278798,88,2630.0,1393-06-05
2014-08-30,2546.0,2565.0,2537.0,2597.0,388625341,152564,54,2537.0,1393-06-08
2014-08-31,2650.0,2650.0,2510.0,2594.0,141453394,54835,35,2579.0,1393-06-09
2014-09-01,2501.0,2600.0,2501.0,2584.0,134186507,52930,33,2535.0,1393-06-10
2014-09-02,2525.0,2599.0,2481.0,2548.0,475674107,188555,58,2482.0,1393-06-11
2014-09-03,2451.0,2578.0,2447.0,2468.0,1865553732,756029,114,2512.0,1393-06-12
2014-09-06,2548.0,2549.0,2370.0,2420.0,1450604559,599377,123,2380.0,1393-06-15
2014-09-07,2417.0,2516.0,2385.0,2475.0,1270238725,513223,87,2516.0,1393-06-16
2014-09-08,2569.0,2574.0,2568.0,2573.0,2147288151,834461,111,2574.0,1393-06-17
2014-09-09,2675.0,2675.0,2500.0,2598.0,1818444115,699998,174,2510.0,1393-06-18
2014-09-10,2573.0,2573.0,2495.0,2537.0,511028718,204268,53,2495.0,1393-06-19
2014-09-13,2533.0,2533.0,2436.0,2506.0,262077150,107249,20,2436.0,1393-06-22
2014-09-14,2406.0,2500.0,2406.0,2416.0,1171022585,484684,80,2406.0,1393-06-23
2014-09-15,2448.0,2448.0,2380.0,2419.0,587926592,242984,70,2418.0,1393-06-24
2014-09-16,2351.0,2419.0,2325.0,2397.0,429577652,180486,55,2399.0,1393-06-25
2014-09-17,2400.0,2492.0,2400.0,2459.0,1087140384,442182,118,2492.0,1393-06-26
2014-09-20,2497.0,2530.0,2386.0,2463.0,415956520,168588,46,2402.0,1393-06-29
2014-09-21,2386.0,2500.0,2386.0,2447.0,286648917,118488,26,2431.0,1393-06-30
2014-09-22,2500.0,2500.0,2427.0,2452.0,108763075,43835,19,2445.0,1393-06-31
2014-09-23,2510.0,2550.0,2448.0,2503.0,633947783,251918,69,2550.0,1393-07-01
2014-09-24,2597.0,2603.0,2562.0,2594.0,1068792707,412070,87,2603.0,1393-07-02
2014-09-27,2606.0,2695.0,2600.0,2667.0,2039512241,764741,179,2675.0,1393-07-05
2014-09-28,2700.0,2749.0,2570.0,2665.0,1010067739,379006,121,2599.0,1393-07-06
2014-09-29,2700.0,2771.0,2600.0,2749.0,3328612001,1210757,218,2771.0,1393-07-07
2014-09-30,2775.0,2858.0,2753.0,2826.0,3106520378,1099401,228,2800.0,1393-07-08
2014-10-01,2799.0,2799.0,2719.0,2787.0,625289549,225721,72,2764.0,1393-07-09
2014-10-04,2720.0,2760.0,2720.0,2755.0,523337452,191397,55,2740.0,1393-07-12
2014-10-06,2681.0,2799.0,2681.0,2725.0,604706528,222979,82,2700.0,1393-07-14
2014-10-07,2725.0,2790.0,2701.0,2732.0,1037268373,379707,58,2701.0,1393-07-15
2014-10-08,2732.0,2770.0,2702.0,2742.0,668844947,243642,56,2758.0,1393-07-16
2014-10-11,2750.0,2851.0,2750.0,2824.0,2042041000,723140,96,2851.0,1393-07-19
2014-10-12,2910.0,2936.0,2820.0,2924.0,4650846917,1590524,205,2936.0,1393-07-20
2014-10-14,3040.0,3040.0,3040.0,2956.0,271253120,89228,21,3040.0,1393-07-22
2014-10-15,3074.0,3074.0,3074.0,3074.0,997267080,324420,22,3074.0,1393-07-23
2014-10-18,3196.0,3196.0,3195.0,3196.0,7384482815,2310545,170,3196.0,1393-07-26
2014-10-19,3323.0,3323.0,3100.0,3292.0,11171995742,3393954,441,3316.0,1393-07-27
2014-10-20,3300.0,3419.0,3275.0,3344.0,6091822180,1821603,341,3298.0,1393-07-28
2014-10-21,3340.0,3422.0,3327.0,3377.0,4188633149,1240303,184,3337.0,1393-07-29
2014-10-22,3396.0,3396.0,3251.0,3321.0,2405525421,724329,328,3300.0,1393-07-30
2014-10-25,3340.0,3350.0,3263.0,3282.0,1880796406,573000,284,3289.0,1393-08-03
2014-10-26,3300.0,3320.0,3278.0,3297.0,1156010886,350597,116,3300.0,1393-08-04
2014-10-27,3297.0,3301.0,3251.0,3288.0,800781448,243759,78,3279.0,1393-08-05
2014-10-28,3295.0,3300.0,3256.0,3281.0,452414940,138230,65,3256.0,1393-08-06
2014-10-29,3283.0,3330.0,3241.0,3287.0,1237564256,376476,111,3300.0,1393-08-07
2014-11-01,3260.0,3349.0,3260.0,3294.0,1042166512,316418,88,3267.0,1393-08-10
2014-11-02,3287.0,3300.0,3231.0,3264.0,1195284533,366244,97,3265.0,1393-08-11
2014-11-05,3336.0,3336.0,3160.0,3257.0,811292560,249237,80,3280.0,1393-08-14
2014-11-08,3290.0,3325.0,3181.0,3292.0,2494453094,757630,126,3323.0,1393-08-17
2014-11-09,3348.0,3423.0,3348.0,3418.0,4466057631,1306441,87,3423.0,1393-08-18
2014-11-10,3554.0,3554.0,3554.0,3550.0,1104760900,310850,34,3554.0,1393-08-19
2014-11-11,3649.0,3649.0,3510.0,3587.0,2281256425,635977,135,3510.0,1393-08-20
2014-11-12,3569.0,3569.0,3444.0,3506.0,2376480319,677860,179,3444.0,1393-08-21
2014-11-15,3366.0,3498.0,3366.0,3382.0,2290139432,677068,92,3450.0,1393-08-24
2014-11-16,3487.0,3487.0,3248.0,3397.0,954570698,280868,112,3390.0,1393-08-25
2014-11-17,3411.0,3476.0,3300.0,3354.0,1209113769,360522,79,3307.0,1393-08-26
2014-11-18,3275.0,3339.0,3220.0,3277.0,2037908674,621875,99,3301.0,1393-08-27
2014-11-19,3300.0,3329.0,3210.0,3286.0,2244345130,683100,116,3270.0,1393-08-28
2014-11-22,3250.0,3400.0,3170.0,3322.0,1237070323,372336,78,3197.0,1393-09-01
2014-11-23,3280.0,3290.0,3229.0,3272.0,790728638,242838,95,3240.0,1393-09-02
2014-11-24,3190.0,3393.0,3171.0,3236.0,1128442031,348672,101,3247.0,1393-09-03
2014-11-25,3215.0,3215.0,3107.0,3137.0,830220640,266359,91,3107.0,1393-09-04
2014-11-26,3012.0,3260.0,3012.0,3084.0,1630775697,528801,96,3220.0,1393-09-05
2014-11-29,3206.0,3207.0,3085.0,3126.0,722423728,229862,59,3090.0,1393-09-08
2014-11-30,3004.0,3251.0,3001.0,3128.0,800233538,255773,94,3061.0,1393-09-09
2014-12-01,3061.0,3230.0,3003.0,3107.0,494473157,160225,93,3070.0,1393-09-10
2014-12-02,3090.0,3222.0,3000.0,3133.0,842161757,268398,92,3063.0,1393-09-11
2014-12-03,3169.0,3169.0,3010.0,3062.0,753106519,247626,88,3093.0,1393-09-12
2014-12-06,2970.0,3180.0,2970.0,3081.0,551160397,178022,87,3100.0,1393-09-15
2014-12-10,2721.0,2828.0,2721.0,2790.0,90892214,32577,22,2827.0,1393-09-19
2014-12-14,2891.0,2891.0,2682.0,2786.0,187445034,67653,20,2750.0,1393-09-23
2014-12-15,2675.0,2700.0,2675.0,2730.0,442508850,165212,45,2675.0,1393-09-24
2014-12-16,2641.0,2799.0,2623.0,2709.0,184614603,70096,23,2623.0,1393-09-25
2014-12-17,2621.0,2639.0,2601.0,2698.0,97102552,37150,16,2608.0,1393-09-26
2014-12-20,2608.0,2726.0,2608.0,2690.0,86210446,32859,19,2720.0,1393-09-29
2014-12-22,2796.0,2797.0,2795.0,2719.0,241290388,86298,12,2797.0,1393-10-01
2014-12-24,2827.0,2827.0,2725.0,2821.0,1060298663,375849,62,2800.0,1393-10-03
2014-12-27,2929.0,2929.0,2770.0,2822.0,106249895,37533,8,2811.0,1393-10-06
2014-12-28,2755.0,2830.0,2755.0,2820.0,117608060,41892,28,2820.0,1393-10-07
2014-12-29,2770.0,2780.0,2724.0,2812.0,86850357,31682,8,2739.0,1393-10-08
2014-12-30,2720.0,2720.0,2700.0,2779.0,266842560,98700,29,2700.0,1393-10-09
2014-12-31,2681.0,2800.0,2681.0,2761.0,222828353,82271,19,2800.0,1393-10-10
2015-01-03,2778.0,2829.0,2721.0,2766.0,179595855,64497,26,2819.0,1393-10-13
2015-01-04,2825.0,2875.0,2782.0,2816.0,548526300,192519,111,2875.0,1393-10-14
2015-01-05,2924.0,2928.0,2704.0,2878.0,1766835051,613976,113,2928.0,1393-10-15
2015-01-06,2993.0,2993.0,2785.0,2918.0,1221247623,418557,97,2860.0,1393-10-16
2015-01-07,2840.0,2850.0,2802.0,2868.0,398497224,142057,34,2802.0,1393-10-17
2015-01-10,2754.0,2754.0,2754.0,2867.0,6582060,2390,6,2754.0,1393-10-20
2015-01-11,2753.0,2753.0,2753.0,2858.0,66072000,24000,14,2753.0,1393-10-21
2015-01-12,2790.0,2945.0,2744.0,2860.0,838188997,293055,95,2875.0,1393-10-22
2015-01-13,2933.0,2933.0,2746.0,2844.0,131469378,47717,27,2750.0,1393-10-23
2015-01-14,2800.0,2800.0,2731.0,2817.0,298094299,107906,30,2748.0,1393-10-24
2015-01-17,2748.0,2798.0,2705.0,2751.0,578451998,212833,55,2705.0,1393-10-27
2015-01-18,2650.0,2720.0,2641.0,2742.0,68314694,25832,13,2641.0,1393-10-28
2015-01-19,2634.0,2634.0,2633.0,2738.0,31313003,11891,8,2633.0,1393-10-29
2015-01-20,2629.0,2629.0,2629.0,2738.0,1314500,500,1,2629.0,1393-10-30
2015-01-25,2629.0,2629.0,2629.0,2720.0,139825994,53186,10,2629.0,1393-11-05
2015-01-28,2612.0,2800.0,2612.0,2701.0,1603419762,593590,83,2733.0,1393-11-08
2015-01-31,2800.0,2803.0,2720.0,2714.0,284834842,103944,20,2720.0,1393-11-11
2015-02-01,2625.0,2700.0,2620.0,2700.0,135346540,51522,24,2620.0,1393-11-12
2015-02-02,2680.0,2680.0,2592.0,2659.0,371485545,142475,50,2620.0,1393-11-13
2015-02-03,2601.0,2601.0,2560.0,2623.0,362097319,140546,42,2570.0,1393-11-14
2015-02-04,2680.0,2680.0,2573.0,2618.0,327432269,125409,33,2629.0,1393-11-15
2015-02-07,2629.0,2649.0,2532.0,2607.0,254239489,98496,38,2534.0,1393-11-18
2015-02-08,2525.0,2598.0,2503.0,2511.0,1082246267,430979,90,2586.0,1393-11-19
2015-02-09,2503.0,2539.0,2450.0,2511.0,259710136,103371,40,2455.0,1393-11-20
2015-02-10,2520.0,2520.0,2411.0,2499.0,15168072962,6068480,299,2470.0,1393-11-21
2015-02-14,2411.0,2580.0,2411.0,2520.0,358226138,140713,40,2549.0,1393-11-25
2015-02-15,2531.0,2597.0,2531.0,2529.0,121439407,47041,26,2596.0,1393-11-26
2015-02-16,2626.0,2630.0,2503.0,2562.0,358406339,137556,46,2503.0,1393-11-27
2015-02-17,2501.0,2600.0,2501.0,2567.0,220206509,85291,24,2600.0,1393-11-28
2015-02-18,2600.0,2659.0,2600.0,2617.0,739263355,281732,100,2659.0,1393-11-29
2015-02-21,2621.0,2721.0,2621.0,2708.0,1070240257,395167,60,2721.0,1393-12-02
2015-02-22,2721.0,2750.0,2651.0,2705.0,206933473,76594,33,2711.0,1393-12-03
2015-02-23,2711.0,2730.0,2670.0,2704.0,156914940,58068,11,2730.0,1393-12-04
2015-02-24,2601.0,2721.0,2600.0,2666.0,195026547,74819,16,2608.0,1393-12-05
2015-02-25,2608.0,2608.0,2560.0,2651.0,74146276,28880,18,2560.0,1393-12-06
2015-02-28,2585.0,2669.0,2545.0,2631.0,107107675,41851,22,2545.0,1393-12-09
2015-03-01,2527.0,2638.0,2526.0,2622.0,41827763,16524,15,2638.0,1393-12-10
2015-03-02,2689.0,2689.0,2518.0,2604.0,84547445,33532,14,2518.0,1393-12-11
2015-03-03,2501.0,2589.0,2500.0,2526.0,375490828,149870,66,2589.0,1393-12-12
2015-03-04,2589.0,2597.0,2533.0,2531.0,76224103,29777,24,2568.0,1393-12-13
2015-03-07,2535.0,2630.0,2550.0,2531.0,1022630,401,2,2550.0,1393-12-16
2015-03-08,2470.0,2597.0,2470.0,2540.0,191566064,74954,20,2595.0,1393-12-17
2015-03-09,2515.0,2595.0,2515.0,2540.0,3605000,1400,3,2595.0,1393-12-18
2015-03-10,2522.0,2533.0,2515.0,2538.0,50695625,20096,17,2516.0,1393-12-19
2015-03-11,2450.0,2469.0,2450.0,2511.0,166241299,67584,17,2466.0,1393-12-20
2015-03-14,2451.0,2555.0,2430.0,2483.0,298032853,120941,36,2445.0,1393-12-23
2015-03-15,2443.0,2490.0,2400.0,2424.0,498434663,205631,62,2410.0,1393-12-24
2015-03-16,2409.0,2499.0,2350.0,2417.0,218918806,90870,47,2350.0,1393-12-25
2015-03-17,2343.0,2400.0,2340.0,2407.0,76717169,32590,18,2400.0,1393-12-26
2015-03-18,2440.0,2470.0,2342.0,2387.0,176979253,75163,44,2450.0,1393-12-27
2015-03-25,2482.0,2482.0,2482.0,2425.0,208636920,84060,26,2482.0,1394-01-05
2015-03-28,2499.0,2522.0,2450.0,2494.0,414755522,165161,38,2522.0,1394-01-08
2015-03-29,2541.0,2593.0,2500.0,2575.0,980323238,380658,81,2593.0,1394-01-09
2015-03-30,2530.0,2589.0,2472.0,2555.0,111884367,45023,19,2500.0,1394-01-10
2015-03-31,2550.0,2550.0,2480.0,2551.0,26853624,10800,6,2480.0,1394-01-11
2015-04-04,2653.0,2653.0,2653.0,2653.0,15925693700,6002900,258,2653.0,1394-01-15
2015-04-05,2759.0,2759.0,2759.0,2759.0,540297729,195831,19,2759.0,1394-01-16
2015-04-06,2869.0,2869.0,2759.0,2831.0,3854112748,1361486,179,2810.0,1394-01-17
2015-04-07,2725.0,2796.0,2721.0,2739.0,527264630,192580,52,2734.0,1394-01-18
2015-04-08,2829.0,2829.0,2732.0,2751.0,382988654,138978,45,2761.0,1394-01-19
2015-04-11,2653.0,2830.0,2653.0,2759.0,116967580,41990,22,2734.0,1394-01-22
2015-04-12,2656.0,2661.0,2649.0,2655.0,540088703,203391,60,2649.0,1394-01-23
2015-04-13,2601.0,2601.0,2549.0,2595.0,286171274,111894,29,2552.0,1394-01-24
2015-04-14,2689.0,2690.0,2560.0,2602.0,129784706,49545,22,2611.0,1394-01-25
2015-04-15,2610.0,2611.0,2498.0,2542.0,376820369,148990,37,2498.0,1394-01-26
2015-04-18,2634.0,2634.0,2451.0,2474.0,442470316,179299,38,2549.0,1394-01-29
2015-04-19,2558.0,2572.0,2558.0,2548.0,386283140,150228,14,2572.0,1394-01-30
2015-04-20,2640.0,2649.0,2600.0,2641.0,588982880,223009,47,2649.0,1394-01-31
2015-04-21,2737.0,2737.0,2640.0,2706.0,565283204,208889,76,2686.0,1394-02-01
2015-04-22,2600.0,2660.0,2598.0,2658.0,235195415,90424,32,2598.0,1394-02-02
2015-04-25,2699.0,2699.0,2552.0,2555.0,979716128,383436,100,2580.0,1394-02-05
2015-05-05,2500.0,2500.0,2400.0,2475.0,33184000,13410,4,2400.0,1394-02-15
2015-05-09,2376.0,2376.0,2376.0,2472.0,15325200,6450,2,2376.0,1394-02-19
2015-05-11,2275.0,2275.0,2184.0,2199.0,2358446885,1072568,225,2220.0,1394-02-21
2015-05-12,2250.0,2286.0,2168.0,2258.0,1227101587,543493,182,2286.0,1394-02-22
2015-05-13,2339.0,2347.0,2273.0,2336.0,782077252,334831,48,2340.0,1394-02-23
2015-05-17,2245.0,2410.0,2243.0,2373.0,941677403,396880,46,2410.0,1394-02-27
2015-05-18,2426.0,2437.0,2300.0,2422.0,1024289408,422926,48,2380.0,1394-02-28
2015-05-19,2388.0,2388.0,2335.0,2407.0,93646200,39955,14,2335.0,1394-02-29
2015-05-20,2340.0,2360.0,2311.0,2399.0,52475705,22487,7,2311.0,1394-02-30
2015-05-23,2280.0,2282.0,2280.0,2385.0,57414160,25172,12,2280.0,1394-03-02
2015-05-24,2266.0,2270.0,2266.0,2378.0,27522370,12145,14,2266.0,1394-03-03
2015-05-25,2300.0,2496.0,2300.0,2433.0,2570059780,1056317,188,2390.0,1394-03-04
2015-05-26,2449.0,2449.0,2312.0,2313.0,562835102,243303,47,2312.0,1394-03-05
2015-05-27,2260.0,2283.0,2198.0,2286.0,130283694,58763,39,2283.0,1394-03-06
2015-05-30,2260.0,2260.0,2172.0,2247.0,200870378,91606,46,2172.0,1394-03-09
2015-05-31,2150.0,2150.0,2135.0,2229.0,78157450,36578,19,2135.0,1394-03-10
2015-06-01,2120.0,2160.0,2118.0,2156.0,323859414,152504,51,2130.0,1394-03-11
2015-06-02,2072.0,2256.0,2072.0,2200.0,591055611,268711,99,2205.0,1394-03-12
2015-06-06,2244.0,2245.0,2198.0,2205.0,199709977,90243,78,2233.0,1394-03-16
2015-06-07,2220.0,2249.0,2185.0,2207.0,148890217,67367,66,2185.0,1394-03-17
2015-06-08,2200.0,2240.0,2099.0,2230.0,582472850,261225,35,2240.0,1394-03-18
2015-06-09,2200.0,2234.0,2125.0,2221.0,392219260,176830,23,2186.0,1394-03-19
2015-06-10,2119.0,2218.0,2119.0,2203.0,111410650,51965,38,2140.0,1394-03-20
2015-06-13,2199.0,2203.0,2150.0,2197.0,186685040,85319,40,2150.0,1394-03-23
2015-06-14,2225.0,2235.0,2190.0,2208.0,245435915,110609,61,2193.0,1394-03-24
2015-06-15,2225.0,2225.0,2098.0,2185.0,145996809,68451,24,2102.0,1394-03-25
2015-06-16,2081.0,2209.0,2076.0,2194.0,710211622,323775,32,2199.0,1394-03-26
2015-06-17,2198.0,2222.0,2179.0,2199.0,441792504,200896,44,2194.0,1394-03-27
2015-06-20,2210.0,2220.0,2189.0,2204.0,224233129,101461,37,2189.0,1394-03-30
2015-06-21,2129.0,2209.0,2125.0,2177.0,342635957,158297,98,2170.0,1394-03-31
2015-06-22,2130.0,2180.0,2130.0,2176.0,82729510,38115,16,2175.0,1394-04-01
2015-06-23,2133.0,2200.0,2133.0,2168.0,544765512,251223,81,2170.0,1394-04-02
2015-06-24,2167.0,2205.0,2166.0,2173.0,328778743,151144,39,2167.0,1394-04-03
2015-06-27,2180.0,2214.0,2180.0,2176.0,40344612,18297,7,2214.0,1394-04-06
2015-06-28,2134.0,2169.0,2115.0,2154.0,364847140,170000,48,2168.0,1394-04-07
2015-06-29,2160.0,2193.0,2140.0,2154.0,20151060,9322,13,2188.0,1394-04-08
2015-06-30,2169.0,2261.0,2169.0,2249.0,577313924,256725,86,2250.0,1394-04-09
2015-07-01,2250.0,2361.0,2213.0,2334.0,749715678,321249,87,2250.0,1394-04-10
2015-07-04,2360.0,2450.0,2290.0,2412.0,655736026,271898,99,2450.0,1394-04-13
2015-07-05,2412.0,2454.0,2360.0,2403.0,291156048,121501,81,2390.0,1394-04-14
2015-07-06,2510.0,2523.0,2500.0,2519.0,616492844,244735,67,2522.0,1394-04-15
2015-07-07,2420.0,2599.0,2410.0,2542.0,352145432,137809,46,2599.0,1394-04-16
2015-07-11,2609.0,2669.0,2450.0,2650.0,896035747,338130,61,2668.0,1394-04-20
2015-07-12,2779.0,2782.0,2745.0,2780.0,1144072014,411511,57,2782.0,1394-04-21
2015-07-13,2919.0,2919.0,2919.0,2919.0,7019929371,2404909,166,2919.0,1394-04-22
2015-07-14,3064.0,3064.0,2800.0,2972.0,1749477823,588702,78,2996.0,1394-04-23
2015-07-15,3000.0,3058.0,2824.0,2924.0,1331518179,455375,64,2824.0,1394-04-24
2015-07-20,2800.0,2802.0,2778.0,2908.0,65830242,23589,12,2778.0,1394-04-29
2015-07-21,2763.0,2850.0,2763.0,2901.0,28428918,10286,5,2763.0,1394-04-30
2015-07-27,2800.0,2800.0,2660.0,2725.0,193654258,71076,25,2660.0,1394-05-05
2015-07-28,2589.0,2751.0,2589.0,2702.0,4510516316,1669591,148,2589.0,1394-05-06
2015-07-29,2570.0,2725.0,2567.0,2605.0,3687130640,1415604,184,2567.0,1394-05-07
2015-08-01,2590.0,2735.0,2586.0,2692.0,1342292963,498595,97,2735.0,1394-05-10
2015-08-02,2710.0,2740.0,2601.0,2682.0,420837085,157089,36,2605.0,1394-05-11
2015-08-03,2750.0,2750.0,2610.0,2665.0,228501114,86486,22,2615.0,1394-05-12
2015-08-04,2730.0,2730.0,2540.0,2614.0,297741214,115577,37,2552.0,1394-05-13
2015-08-05,2665.0,2696.0,2567.0,2628.0,207232118,78174,36,2583.0,1394-05-14
2015-08-08,2574.0,2574.0,2523.0,2615.0,77265096,30423,16,2529.0,1394-05-17
2015-08-09,2530.0,2570.0,2530.0,2589.0,174563208,68732,10,2533.0,1394-05-18
2015-08-10,2677.0,2678.0,2531.0,2587.0,63923227,24837,12,2531.0,1394-05-19
2015-08-12,2508.0,2508.0,2500.0,2578.0,54992780,21985,13,2500.0,1394-05-21
2015-08-15,2500.0,2570.0,2450.0,2522.0,229769024,93477,38,2450.0,1394-05-24
2015-08-17,2412.0,2500.0,2411.0,2502.0,105297604,43309,21,2423.0,1394-05-26
2015-08-18,2435.0,2465.0,2377.0,2445.0,270033874,112500,34,2465.0,1394-05-27
2015-08-19,2494.0,2494.0,2410.0,2445.0,47068811,19226,19,2458.0,1394-05-28
2015-08-22,2487.0,2487.0,2400.0,2443.0,62249140,25634,8,2443.0,1394-05-31
2015-08-25,2495.0,2495.0,2371.0,2452.0,120175447,49009,18,2400.0,1394-06-03
2015-08-26,2331.0,2420.0,2330.0,2438.0,54176760,23235,6,2420.0,1394-06-04
2015-08-30,2380.0,2380.0,2317.0,2420.0,74552349,32095,18,2317.0,1394-06-08
2015-08-31,2306.0,2369.0,2299.0,2349.0,320302749,138374,42,2299.0,1394-06-09
2015-09-01,2340.0,2340.0,2330.0,2348.0,23877400,10220,6,2339.0,1394-06-10
2015-09-02,2337.0,2337.0,2237.0,2332.0,174524380,75744,33,2320.0,1394-06-11
2015-09-05,2320.0,2340.0,2235.0,2332.0,181079887,77657,20,2253.0,1394-06-14
2015-09-06,2330.0,2330.0,2251.0,2299.0,256651760,113056,28,2320.0,1394-06-15
2015-09-07,2329.0,2413.0,2295.0,2389.0,1750753349,732836,115,2413.0,1394-06-16
2015-09-08,2451.0,2451.0,2380.0,2408.0,754233160,313206,73,2396.0,1394-06-17
2015-09-09,2400.0,2400.0,2320.0,2383.0,316268794,133583,29,2360.0,1394-06-18
2015-09-12,2321.0,2420.0,2320.0,2367.0,236506354,100616,19,2320.0,1394-06-21
2015-09-13,2390.0,2390.0,2249.0,2313.0,269205274,118537,27,2249.0,1394-06-22
2015-09-14,2230.0,2230.0,2210.0,2297.0,79308571,35724,21,2218.0,1394-06-23
2015-09-15,2221.0,2221.0,2183.0,2264.0,142461404,65013,19,2183.0,1394-06-24
2015-09-16,2151.0,2222.0,2151.0,2167.0,709364770,327416,77,2221.0,1394-06-25
2015-09-19,2180.0,2180.0,2136.0,2157.0,192723791,89957,19,2180.0,1394-06-28
2015-09-20,2145.0,2210.0,2145.0,2158.0,155491364,72022,33,2210.0,1394-06-29
2015-09-21,2263.0,2263.0,2153.0,2160.0,49760909,22847,10,2180.0,1394-06-30
2015-09-22,2156.0,2233.0,2156.0,2163.0,71385386,32736,11,2190.0,1394-06-31
2015-09-23,2180.0,2255.0,2165.0,2166.0,61589777,28183,18,2174.0,1394-07-01
2015-09-26,2155.0,2155.0,2151.0,2166.0,9685500,4500,3,2155.0,1394-07-04
2015-09-27,2150.0,2233.0,2130.0,2162.0,103056070,47991,15,2229.0,1394-07-05
2015-09-28,2149.0,2221.0,2149.0,2162.0,20521577,9527,7,2151.0,1394-07-06
2015-09-29,2147.0,2199.0,2146.0,2161.0,26871856,12500,8,2146.0,1394-07-07
2015-09-30,2115.0,2142.0,2111.0,2152.0,99991000,47240,15,2115.0,1394-07-08
2015-10-03,2115.0,2145.0,2115.0,2147.0,87259335,41129,14,2120.0,1394-07-11
2015-10-04,2170.0,2170.0,2120.0,2145.0,86772484,40650,18,2170.0,1394-07-12
2015-10-05,2143.0,2169.0,2140.0,2150.0,162114291,75003,16,2140.0,1394-07-13
2015-10-06,2170.0,2170.0,2134.0,2149.0,97003001,45205,10,2140.0,1394-07-14
2015-10-07,2122.0,2170.0,2121.0,2143.0,131270691,61726,17,2124.0,1394-07-15
2015-10-10,2143.0,2172.0,2143.0,2143.0,646129764,301487,8,2172.0,1394-07-18
2015-10-11,2131.0,2131.0,2100.0,2135.0,142273604,67310,34,2107.0,1394-07-19
2015-10-12,2170.0,2170.0,2130.0,2135.0,5357310,2487,3,2130.0,1394-07-20
2015-10-13,2125.0,2197.0,2125.0,2137.0,52506694,24359,13,2197.0,1394-07-21
2015-10-14,2150.0,2226.0,2150.0,2160.0,192929862,87784,25,2175.0,1394-07-22
2015-10-17,2230.0,2268.0,2203.0,2200.0,236723771,105357,29,2268.0,1394-07-25
2015-10-18,2293.0,2310.0,2180.0,2224.0,298608801,133206,45,2180.0,1394-07-26
2015-10-19,2200.0,2200.0,2190.0,2215.0,162681487,74046,12,2190.0,1394-07-27
2015-10-20,2200.0,2290.0,2200.0,2222.0,108224820,48147,23,2260.0,1394-07-28
2015-10-21,2284.0,2333.0,2284.0,2306.0,919556628,398722,70,2333.0,1394-07-29
2015-10-25,2310.0,2411.0,2310.0,2336.0,217038883,91315,34,2411.0,1394-08-03
2015-10-26,2340.0,2359.0,2331.0,2344.0,297591569,126661,20,2353.0,1394-08-04
2015-10-27,2353.0,2356.0,2302.0,2346.0,118830500,50550,12,2350.0,1394-08-05
2015-10-28,2374.0,2380.0,2269.0,2352.0,136425635,57600,12,2368.0,1394-08-06
2015-10-31,2350.0,2424.0,2265.0,2334.0,146473440,63896,16,2265.0,1394-08-09
2015-11-01,2389.0,2389.0,2389.0,2335.0,7167000,3000,1,2389.0,1394-08-10
2015-11-02,2267.0,2300.0,2266.0,2312.0,232582187,101726,16,2272.0,1394-08-11
2015-11-03,2265.0,2339.0,2219.0,2289.0,133698822,59920,27,2255.0,1394-08-12
2015-11-04,2250.0,2253.0,2240.0,2284.0,53819250,23943,12,2245.0,1394-08-13
2015-11-07,2231.0,2290.0,2210.0,2256.0,218128006,98200,22,2223.0,1394-08-16
2015-11-08,2240.0,2280.0,2240.0,2255.0,78633840,34988,12,2280.0,1394-08-17
2015-11-09,2280.0,2315.0,2277.0,2266.0,152148016,66426,24,2300.0,1394-08-18
2015-11-10,2330.0,2338.0,2270.0,2279.0,125605610,54176,17,2335.0,1394-08-19
2015-11-11,2276.0,2276.0,2275.0,2279.0,3625075,1593,2,2275.0,1394-08-20
2015-11-14,2300.0,2359.0,2273.0,2286.0,86361953,37256,17,2301.0,1394-08-23
2015-11-15,2300.0,2320.0,2242.0,2291.0,215106243,93658,37,2261.0,1394-08-24
2015-11-16,2246.0,2300.0,2243.0,2283.0,176630946,77891,26,2291.0,1394-08-25
2015-11-17,2338.0,2338.0,2244.0,2282.0,27440665,12097,7,2324.0,1394-08-26
2015-11-18,2280.0,2280.0,2258.0,2282.0,8784680,3881,4,2260.0,1394-08-27
2015-11-21,2251.0,2326.0,2244.0,2295.0,237417099,102835,23,2326.0,1394-08-30
2015-11-22,2260.0,2280.0,2260.0,2291.0,84542000,37200,8,2280.0,1394-09-01
2015-11-23,2270.0,2326.0,2242.0,2287.0,74099106,32739,9,2326.0,1394-09-02
2015-11-24,2334.0,2334.0,2250.0,2289.0,90447501,39366,19,2250.0,1394-09-03
2015-11-25,2325.0,2325.0,2320.0,2289.0,2313220,996,2,2320.0,1394-09-04
2015-11-28,2320.0,2320.0,2243.0,2288.0,23128277,10239,13,2243.0,1394-09-07
2015-11-29,2232.0,2235.0,2206.0,2285.0,25144519,11282,11,2206.0,1394-09-08
2015-11-30,2207.0,2240.0,2205.0,2268.0,121291396,54659,24,2213.0,1394-09-09
2015-12-01,2214.0,2269.0,2214.0,2267.0,33590600,14900,9,2269.0,1394-09-10
2015-12-05,2220.0,2270.0,2220.0,2252.0,197725264,88657,21,2222.0,1394-09-14
2015-12-06,2222.0,2222.0,2220.0,2250.0,36110038,16261,9,2221.0,1394-09-15
2015-12-07,2220.0,2269.0,2205.0,2244.0,63794539,28908,13,2205.0,1394-09-16
2015-12-08,2205.0,2245.0,2140.0,2237.0,41313823,19050,7,2245.0,1394-09-17
2015-12-09,2200.0,2267.0,2199.0,2233.0,258628881,115968,29,2233.0,1394-09-18
2015-12-16,2000.0,2000.0,2000.0,2000.0,10952000,5476,8,2000.0,1394-09-25
2015-12-19,2023.0,2024.0,1956.0,2006.0,193834675,96196,22,2000.0,1394-09-28
2015-12-20,1922.0,1931.0,1922.0,2004.0,10331518,5366,5,1930.0,1394-09-29
2015-12-21,2053.0,2104.0,2053.0,2101.0,940586834,447706,47,2104.0,1394-09-30
2015-12-22,2206.0,2206.0,2100.0,2191.0,1885200146,860337,114,2100.0,1394-10-01
2015-12-23,2091.0,2091.0,2082.0,2148.0,206813088,99284,22,2082.0,1394-10-02
2015-12-26,2041.0,2169.0,2041.0,2072.0,339176717,166137,60,2041.0,1394-10-05
2015-12-27,2018.0,2090.0,2012.0,2036.0,417571339,205568,38,2041.0,1394-10-06
2015-12-28,2080.0,2080.0,2040.0,2047.0,190064392,92067,24,2060.0,1394-10-07
2015-12-30,2018.0,2070.0,2001.0,2020.0,668835632,331071,61,2038.0,1394-10-09
2016-01-02,2042.0,2121.0,2042.0,2095.0,644083552,307367,71,2121.0,1394-10-12
2016-01-03,2170.0,2188.0,2130.0,2156.0,439975339,202770,64,2160.0,1394-10-13
2016-01-04,2120.0,2184.0,2102.0,2155.0,232633326,107963,29,2166.0,1394-10-14
2016-01-05,2111.0,2262.0,2100.0,2193.0,1390755703,634324,126,2235.0,1394-10-15
2016-01-06,2261.0,2302.0,2261.0,2302.0,12638771756,5490451,254,2302.0,1394-10-16
2016-01-09,2417.0,2417.0,2417.0,2417.0,524977234,217202,20,2417.0,1394-10-19
2016-01-10,2537.0,2537.0,2400.0,2507.0,14984248922,5975845,457,2537.0,1394-10-20
2016-01-11,2632.0,2632.0,2632.0,2625.0,541534000,205750,19,2632.0,1394-10-21
2016-01-12,2756.0,2756.0,2756.0,2756.0,612388712,222202,18,2756.0,1394-10-22
2016-01-13,2893.0,2893.0,2893.0,2893.0,12001312521,4148397,206,2893.0,1394-10-23
2016-01-16,2969.0,2981.0,2749.0,2841.0,7674844770,2701450,272,2780.0,1394-10-26
2016-01-17,2828.0,2828.0,2699.0,2753.0,4281259728,1555117,190,2699.0,1394-10-27
2016-01-18,2640.0,2890.0,2640.0,2873.0,12884087562,4483771,421,2890.0,1394-10-28
2016-01-19,3016.0,3016.0,3016.0,3016.0,1238713424,410714,21,3016.0,1394-10-29
2016-01-20,3166.0,3166.0,3166.0,3166.0,633200000,200000,20,3166.0,1394-10-30
2016-01-23,3324.0,3324.0,3324.0,3324.0,664833240,200010,12,3324.0,1394-11-03
2016-01-24,3490.0,3490.0,3397.0,3488.0,66581688787,19088076,1265,3490.0,1394-11-04
2016-01-25,3520.0,3662.0,3373.0,3591.0,16034059556,4465499,453,3662.0,1394-11-05
2016-01-26,3760.0,3770.0,3620.0,3760.0,21519595785,5723322,607,3740.0,1394-11-06
2016-01-27,3800.0,3800.0,3572.0,3588.0,8368391609,2332311,300,3572.0,1394-11-07
2016-01-30,3510.0,3581.0,3409.0,3463.0,8146344877,2352149,419,3420.0,1394-11-10
2016-01-31,3497.0,3497.0,3290.0,3337.0,5143411897,1541126,297,3310.0,1394-11-11
2016-02-01,3337.0,3462.0,3337.0,3414.0,3285981495,962460,250,3400.0,1394-11-12
2016-02-02,3487.0,3487.0,3270.0,3407.0,4660791303,1367932,292,3270.0,1394-11-13
2016-02-03,3302.0,3340.0,3238.0,3265.0,3109419384,952218,258,3238.0,1394-11-14
2016-02-06,3230.0,3428.0,3205.0,3392.0,2653764994,782425,136,3428.0,1394-11-17
2016-02-07,3540.0,3561.0,3440.0,3524.0,7682363960,2180245,298,3460.0,1394-11-18
2016-02-08,3401.0,3680.0,3401.0,3569.0,21176766514,5933853,512,3648.0,1394-11-19
2016-02-09,3650.0,3699.0,3391.0,3556.0,6991418902,1966176,324,3400.0,1394-11-20
2016-02-10,3385.0,3478.0,3379.0,3393.0,3433550039,1012052,152,3379.0,1394-11-21
2016-02-13,3350.0,3410.0,3250.0,3265.0,1570329060,480966,152,3300.0,1394-11-24
2016-02-14,3251.0,3428.0,3247.0,3375.0,1609529193,476886,126,3428.0,1394-11-25
2016-02-15,3500.0,3543.0,3428.0,3538.0,4220380186,1192919,183,3543.0,1394-11-26
2016-02-16,3647.0,3647.0,3362.0,3464.0,1993409192,575519,133,3390.0,1394-11-27
2016-02-17,3401.0,3619.0,3310.0,3500.0,5122909258,1463681,247,3580.0,1394-11-28
2016-02-20,3675.0,3675.0,3550.0,3662.0,11452484324,3127385,409,3600.0,1394-12-01
2016-02-21,3640.0,3640.0,3479.0,3512.0,2369394299,674649,147,3479.0,1394-12-02
2016-02-22,3450.0,3639.0,3450.0,3580.0,1396035922,389916,123,3587.0,1394-12-03
2016-02-23,3516.0,3623.0,3420.0,3483.0,2351328111,675077,136,3420.0,1394-12-04
2016-02-24,3421.0,3499.0,3400.0,3444.0,993521446,288479,55,3452.0,1394-12-05
2016-02-27,3442.0,3595.0,3355.0,3523.0,1753743265,497762,124,3583.0,1394-12-08
2016-02-28,3600.0,3617.0,3450.0,3503.0,1579708772,450950,158,3457.0,1394-12-09
2016-02-29,3472.0,3678.0,3470.0,3654.0,6334512656,1733517,250,3678.0,1394-12-10
2016-03-01,3790.0,3836.0,3700.0,3806.0,13524923213,3553749,729,3778.0,1394-12-11
2016-03-02,3806.0,3806.0,3620.0,3690.0,5716088985,1549116,387,3688.0,1394-12-12
2016-03-05,3750.0,3760.0,3601.0,3655.0,5062768145,1385301,267,3638.0,1394-12-15
2016-03-06,3605.0,3610.0,3473.0,3493.0,2365258135,677089,204,3473.0,1394-12-16
2016-03-07,3400.0,3400.0,3319.0,3329.0,1483875387,445807,104,3319.0,1394-12-17
2016-03-08,3166.0,3267.0,3163.0,3180.0,10294368129,3237290,615,3210.0,1394-12-18
2016-03-09,3245.0,3339.0,3212.0,3308.0,2485772750,751374,132,3339.0,1394-12-19
2016-03-12,3420.0,3448.0,3290.0,3360.0,2615556938,778445,242,3330.0,1394-12-22
2016-03-14,3253.0,3300.0,3192.0,3213.0,7079787644,2203752,444,3193.0,1394-12-24
2016-03-15,3237.0,3237.0,3053.0,3078.0,4688984070,1523334,331,3053.0,1394-12-25
2016-03-16,3130.0,3130.0,2925.0,2964.0,4685195062,1580782,302,2925.0,1394-12-26
2016-03-26,2829.0,2980.0,2829.0,2947.0,1076501848,365263,83,2969.0,1395-01-07
2016-03-27,2970.0,2970.0,2854.0,2906.0,710678529,244554,70,2885.0,1395-01-08
2016-03-28,2851.0,3040.0,2850.0,2993.0,2869456399,958726,182,3020.0,1395-01-09
2016-03-29,3020.0,3049.0,2950.0,3005.0,2585463045,860324,172,2950.0,1395-01-10
2016-03-30,2989.0,3090.0,2906.0,3037.0,2164319627,712649,134,3070.0,1395-01-11
2016-04-02,3060.0,3188.0,3060.0,3176.0,8536361127,2687834,365,3150.0,1395-01-14
2016-04-03,3266.0,3266.0,3071.0,3144.0,3319294973,1055851,233,3145.0,1395-01-15
2016-04-04,3111.0,3299.0,3110.0,3254.0,5524803681,1697657,320,3270.0,1395-01-16
2016-04-05,3280.0,3330.0,3210.0,3273.0,3538486113,1081027,227,3210.0,1395-01-17
2016-04-06,3202.0,3315.0,3202.0,3276.0,2166583204,661286,169,3278.0,1395-01-18
2016-04-09,3221.0,3250.0,3113.0,3173.0,1841178789,580178,154,3141.0,1395-01-21
2016-04-10,3118.0,3118.0,3050.0,3077.0,1294283512,420622,108,3080.0,1395-01-22
2016-04-11,3062.0,3230.0,3062.0,3214.0,4663215948,1450802,222,3230.0,1395-01-23
2016-04-12,3270.0,3270.0,3080.0,3175.0,1547966254,487593,126,3090.0,1395-01-24
2016-04-13,3193.0,3325.0,3017.0,3061.0,4698459777,1534936,287,3096.0,1395-01-25
2016-04-16,3040.0,3041.0,2908.0,2936.0,590472126,201100,67,2908.0,1395-01-28
2016-04-17,2830.0,2900.0,2790.0,2853.0,1211129139,424568,143,2860.0,1395-01-29
2016-04-18,2880.0,2995.0,2880.0,2955.0,945403533,319958,71,2940.0,1395-01-30
2016-04-19,2872.0,2900.0,2808.0,2851.0,2002835001,702430,120,2830.0,1395-01-31
2016-04-20,2820.0,2956.0,2820.0,2886.0,702122261,243252,69,2898.0,1395-02-01
2016-04-23,2943.0,2943.0,2822.0,2871.0,307323981,107549,34,2850.0,1395-02-04
2016-04-24,2850.0,2910.0,2800.0,2856.0,1101196773,385614,101,2900.0,1395-02-05
2016-04-25,2823.0,2895.0,2820.0,2845.0,1172221161,411961,92,2863.0,1395-02-06
2016-04-26,2851.0,2897.0,2780.0,2808.0,1470271542,523678,104,2897.0,1395-02-07
2016-04-27,2909.0,2948.0,2860.0,2937.0,2870094997,977172,191,2910.0,1395-02-08
2016-04-30,2891.0,2940.0,2840.0,2873.0,1331874204,463617,108,2840.0,1395-02-11
2016-05-01,2840.0,2900.0,2830.0,2844.0,551028487,193801,64,2899.0,1395-02-12
2016-05-02,2871.0,2919.0,2850.0,2876.0,810640779,281890,65,2860.0,1395-02-13
2016-05-03,2850.0,2897.0,2840.0,2862.0,380511125,133264,57,2844.0,1395-02-14
2016-05-04,2870.0,2915.0,2827.0,2887.0,1534644094,531642,104,2864.0,1395-02-15
2016-05-07,2885.0,2913.0,2800.0,2859.0,1027134794,359259,100,2800.0,1395-02-18
2016-05-08,2801.0,2870.0,2791.0,2828.0,821546890,290470,108,2834.0,1395-02-19
2016-05-09,2830.0,2830.0,2790.0,2807.0,518667275,184875,53,2795.0,1395-02-20
2016-05-10,2791.0,2800.0,2682.0,2751.0,937680552,340898,93,2697.0,1395-02-21
2016-05-11,2740.0,2740.0,2615.0,2632.0,1347080864,511829,119,2670.0,1395-02-22
2016-05-14,2615.0,2763.0,2615.0,2751.0,1365191090,496302,114,2763.0,1395-02-25
2016-05-15,2771.0,2840.0,2710.0,2791.0,1135380157,406780,107,2834.0,1395-02-26
2016-05-16,2840.0,2930.0,2840.0,2912.0,2847282151,977891,168,2930.0,1395-02-27
2016-05-17,3000.0,3056.0,2880.0,2988.0,2961331146,990959,270,3052.0,1395-02-28
2016-05-18,3075.0,3137.0,3035.0,3126.0,10110225752,3234472,313,3137.0,1395-02-29
2016-05-21,3282.0,3282.0,3158.0,3265.0,14327233344,4388313,547,3171.0,1395-03-01
2016-05-23,3102.0,3102.0,3102.0,3225.0,153381492,49446,23,3102.0,1395-03-03
2016-05-24,3064.0,3064.0,3064.0,3186.0,148414032,48438,16,3064.0,1395-03-04
2016-05-25,3027.0,3300.0,3027.0,3169.0,10173160840,3210588,655,3155.0,1395-03-05
2016-05-28,3103.0,3280.0,3050.0,3118.0,4170361034,1337418,295,3065.0,1395-03-08
2016-05-29,3170.0,3179.0,3040.0,3104.0,900657722,290175,118,3040.0,1395-03-09
2016-05-30,3041.0,3127.0,3011.0,3051.0,1111141409,364244,108,3011.0,1395-03-10
2016-05-31,3016.0,3085.0,2997.0,3014.0,1867806777,619677,117,2998.0,1395-03-11
2016-06-01,2991.0,3069.0,2980.0,2991.0,633676644,211877,100,2982.0,1395-03-12
2016-06-05,2970.0,3048.0,2846.0,2919.0,3514318542,1203902,207,2930.0,1395-03-16
2016-06-06,2995.0,3064.0,2950.0,3021.0,1255600031,415603,84,3064.0,1395-03-17
2016-06-07,3172.0,3172.0,3100.0,3169.0,8386492985,2646390,357,3172.0,1395-03-18
2016-06-08,3120.0,3177.0,3050.0,3110.0,2152875411,692154,177,3070.0,1395-03-19
2016-06-11,3022.0,3138.0,2955.0,2990.0,1164848733,389610,92,2955.0,1395-03-22
2016-06-12,2952.0,3065.0,2952.0,3004.0,1853363517,617022,102,3004.0,1395-03-23
2016-06-13,3059.0,3154.0,3059.0,3130.0,1209400304,386409,51,3154.0,1395-03-24
2016-06-14,3286.0,3286.0,3286.0,3286.0,2606405910,793185,96,3286.0,1395-03-25
2016-06-15,3450.0,3450.0,3450.0,3450.0,5686245150,1648187,135,3450.0,1395-03-26
2016-06-18,3471.0,3549.0,3352.0,3451.0,18827091094,5456071,807,3380.0,1395-03-29
2016-06-19,3430.0,3623.0,3380.0,3578.0,30983816910,8658837,1087,3499.0,1395-03-30
2016-06-20,3488.0,3537.0,3400.0,3409.0,5612098331,1646143,265,3400.0,1395-03-31
2016-06-21,3302.0,3499.0,3302.0,3375.0,5378929790,1593722,317,3340.0,1395-04-01
2016-06-22,3479.0,3480.0,3290.0,3340.0,8415175846,2519357,440,3330.0,1395-04-02
2016-06-25,3300.0,3480.0,3300.0,3359.0,4400710397,1309967,202,3319.0,1395-04-05
2016-06-26,3272.0,3526.0,3201.0,3427.0,14371068750,4194094,495,3526.0,1395-04-06
2016-06-28,3589.0,3598.0,3586.0,3596.0,10391462194,2889447,244,3598.0,1395-04-08
2016-06-29,3650.0,3775.0,3505.0,3718.0,31454477374,8460546,915,3600.0,1395-04-09
2016-07-02,3699.0,3903.0,3533.0,3877.0,91607497257,23630348,1515,3903.0,1395-04-12
2016-07-03,3900.0,4059.0,3731.0,3937.0,22011225034,5590208,769,3733.0,1395-04-13
2016-07-04,3800.0,3850.0,3741.0,3760.0,3708424424,986389,139,3741.0,1395-04-14
2016-07-05,3572.0,3699.0,3572.0,3594.0,19146373405,5326652,682,3573.0,1395-04-15
2016-07-09,3535.0,3711.0,3535.0,3649.0,3548233525,972371,267,3598.0,1395-04-19
2016-07-10,3551.0,3693.0,3470.0,3566.0,5984760267,1678095,314,3500.0,1395-04-20
2016-07-11,3562.0,3744.0,3562.0,3730.0,6564104613,1759743,189,3744.0,1395-04-21
2016-07-12,3910.0,3916.0,3800.0,3889.0,49984095062,12853859,1159,3916.0,1395-04-22
2016-07-13,3948.0,4083.0,3900.0,4066.0,122505095034,30130867,1898,4083.0,1395-04-23
2016-07-16,4050.0,4165.0,3903.0,4037.0,10196219495,2525850,479,3905.0,1395-04-26
2016-07-17,3881.0,3949.0,3850.0,3894.0,9645040738,2476779,400,3861.0,1395-04-27
2016-07-18,3950.0,4030.0,3815.0,3922.0,6702640252,1708777,275,3815.0,1395-04-28
2016-07-19,3804.0,3900.0,3750.0,3794.0,12776608509,3367378,488,3849.0,1395-04-29
2016-07-20,3850.0,3890.0,3807.0,3846.0,4159292072,1081339,212,3870.0,1395-04-30
2016-07-23,3910.0,3910.0,3750.0,3791.0,3128181446,825076,138,3750.0,1395-05-02
2016-07-24,3727.0,3887.0,3727.0,3817.0,4960824181,1299835,243,3760.0,1395-05-03
2016-07-25,3839.0,3929.0,3637.0,3791.0,10186148366,2686814,514,3671.0,1395-05-04
2016-07-26,3778.0,3857.0,3650.0,3783.0,10370124232,2741078,616,3780.0,1395-05-05
2016-07-27,3855.0,3968.0,3750.0,3875.0,14373093536,3708915,592,3967.0,1395-05-06
2016-07-31,3862.0,4000.0,3862.0,3933.0,7424789113,1887899,337,3929.0,1395-05-10
2016-08-01,3978.0,3999.0,3815.0,3915.0,6563819813,1676458,303,3850.0,1395-05-11
2016-08-02,3810.0,4110.0,3810.0,4049.0,25217230000,6227522,729,4110.0,1395-05-12
2016-08-03,4251.0,4251.0,4160.0,4251.0,79889141189,18794855,1074,4251.0,1395-05-13
2016-08-06,4463.0,4463.0,4462.0,4463.0,59890114213,13419251,665,4463.0,1395-05-16
2016-08-07,4686.0,4686.0,4650.0,4686.0,148607114103,31713399,1602,4686.0,1395-05-17
2016-08-08,4880.0,4895.0,4510.0,4712.0,70582354926,14977970,1344,4600.0,1395-05-18
2016-08-09,4500.0,4520.0,4477.0,4487.0,10762197878,2398728,199,4477.0,1395-05-19
2016-08-10,4263.0,4711.0,4263.0,4485.0,47276850510,10540874,1145,4711.0,1395-05-20
2016-08-22,4395.0,4614.0,4330.0,4460.0,47225809402,10588684,711,4397.0,1395-06-01
2016-08-23,4405.0,4550.0,4266.0,4420.0,10789908457,2441232,460,4311.0,1395-06-02
2016-08-24,4570.0,4641.0,4450.0,4597.0,29695807472,6459458,741,4641.0,1395-06-03
2016-08-27,4650.0,4826.0,4650.0,4816.0,35638529544,7400638,805,4826.0,1395-06-06
2016-08-28,5056.0,5056.0,4882.0,5033.0,63181162186,12553769,1310,4979.0,1395-06-07
2016-08-29,4900.0,4989.0,4782.0,4837.0,12279941436,2538673,473,4782.0,1395-06-08
2016-08-30,4784.0,4850.0,4650.0,4714.0,10111684638,2145255,333,4850.0,1395-06-09
2016-08-31,4880.0,4949.0,4750.0,4892.0,17281469402,3532544,399,4949.0,1395-06-10
2016-09-03,5100.0,5136.0,5070.0,5113.0,10897709290,2131460,181,5136.0,1395-06-13
2016-09-04,5368.0,5368.0,5151.0,5332.0,66116462677,12400458,1240,5160.0,1395-06-14
2016-09-05,5388.0,5598.0,5115.0,5426.0,31708657694,5844030,671,5555.0,1395-06-15
2016-09-06,5555.0,5697.0,5555.0,5693.0,1644485305,288874,40,5697.0,1395-06-16
2016-09-07,5977.0,5977.0,5977.0,5977.0,1195400000,200000,33,5977.0,1395-06-17
2016-09-10,6275.0,6275.0,6130.0,6275.0,103250780245,16454510,1000,6275.0,1395-06-20
2016-09-11,6499.0,6588.0,6228.0,6457.0,70998311173,10995500,1592,6587.0,1395-06-21
2016-09-13,6640.0,6774.0,6511.0,6704.0,4409265241,657752,80,6700.0,1395-06-23
2017-01-02,4770.0,4989.0,4532.0,4731.0,53724058897,11355859,1358,4532.0,1395-10-13
2017-01-03,4600.0,4648.0,4495.0,4534.0,6597191771,1455199,252,4495.0,1395-10-14
2017-01-04,4308.0,4385.0,4308.0,4308.0,42020633222,9752950,780,4308.0,1395-10-15
2017-01-07,4308.0,4350.0,4093.0,4178.0,11414625754,2731837,666,4123.0,1395-10-18
2017-01-08,4093.0,4189.0,3980.0,4032.0,7050813287,1748698,456,4000.0,1395-10-19
2017-01-09,4010.0,4079.0,3925.0,4021.0,7375221533,1834248,301,4059.0,1395-10-20
2017-01-11,4079.0,4222.0,4070.0,4189.0,5110487665,1220046,205,4222.0,1395-10-22
2017-01-14,4398.0,4398.0,4398.0,4398.0,4572525834,1039683,84,4398.0,1395-10-25
2017-01-15,4600.0,4600.0,4311.0,4500.0,30669259741,6815010,830,4356.0,1395-10-26
2017-01-16,4302.0,4400.0,4275.0,4281.0,9218117863,2153473,334,4275.0,1395-10-27
2017-01-17,4200.0,4495.0,4140.0,4462.0,14591875870,3270088,446,4495.0,1395-10-28
2017-01-18,4501.0,4685.0,4497.0,4642.0,15198274083,3274034,422,4685.0,1395-10-29
2017-01-21,4840.0,4874.0,4730.0,4846.0,10592195598,2185594,182,4874.0,1395-11-02
2017-01-22,5088.0,5088.0,5088.0,5088.0,5804497248,1140821,72,5088.0,1395-11-03
2017-01-23,5160.0,5342.0,5111.0,5308.0,58488849835,11018842,1082,5342.0,1395-11-04
2017-01-24,5533.0,5573.0,5450.0,5565.0,18217733540,3273521,382,5573.0,1395-11-05
2017-01-25,5700.0,5830.0,5320.0,5558.0,23431178231,4215648,830,5320.0,1395-11-06
2017-01-28,5320.0,5470.0,5281.0,5290.0,22969490214,4342075,608,5339.0,1395-11-09
2017-01-29,5279.0,5554.0,5279.0,5515.0,15667378948,2841103,569,5475.0,1395-11-10
2017-01-30,5554.0,5554.0,5240.0,5286.0,14220139843,2690041,505,5253.0,1395-11-11
2017-01-31,5151.0,5349.0,5022.0,5100.0,6856198317,1344407,296,5022.0,1395-11-12
2017-02-01,4865.0,5355.0,4865.0,5250.0,17912899165,3411926,666,5020.0,1395-11-13
2017-02-04,4988.0,4989.0,4988.0,4988.0,1238718743,248339,66,4988.0,1395-11-16
2017-02-05,4739.0,5100.0,4739.0,4826.0,11479569802,2378847,425,4996.0,1395-11-17
2017-02-06,5040.0,5067.0,4860.0,5047.0,5064231615,1003374,204,5067.0,1395-11-18
2017-02-07,5299.0,5299.0,5299.0,5299.0,10596187742,1999658,107,5299.0,1395-11-19
2017-02-08,5563.0,5563.0,5413.0,5529.0,34404205921,6222040,887,5501.0,1395-11-20
2017-02-11,5562.0,5699.0,5363.0,5600.0,11128111697,1987221,492,5610.0,1395-11-23
2017-02-12,5600.0,5750.0,5574.0,5658.0,8089920511,1429854,338,5699.0,1395-11-24
2017-02-13,5750.0,5750.0,5601.0,5694.0,5100208617,895664,261,5700.0,1395-11-25
2017-02-14,5740.0,5978.0,5650.0,5932.0,27820669308,4691122,671,5920.0,1395-11-26
2017-02-15,5940.0,6038.0,5642.0,5942.0,16360391987,2753271,439,6000.0,1395-11-27
2017-02-18,6000.0,6239.0,5990.0,6219.0,22307266520,3586853,380,6239.0,1395-11-30
2017-02-19,6400.0,6529.0,6400.0,6508.0,19885994654,3055527,566,6529.0,1395-12-01
2017-02-20,6800.0,6833.0,6750.0,6832.0,28292347795,4141115,413,6833.0,1395-12-02
2017-02-21,7079.0,7173.0,6800.0,7023.0,27822814379,3961885,844,6970.0,1395-12-03
2017-02-22,6810.0,7150.0,6750.0,6903.0,13461641960,1950168,457,6800.0,1395-12-04
2017-02-25,6899.0,6950.0,6558.0,6652.0,8997590046,1352649,375,6651.0,1395-12-07
2017-02-26,6671.0,6879.0,6322.0,6629.0,23950546296,3613042,650,6801.0,1395-12-08
2017-02-27,6800.0,6894.0,6450.0,6669.0,9190993318,1378211,284,6648.0,1395-12-09
2017-02-28,6500.0,6629.0,6336.0,6385.0,9179850742,1437766,277,6336.0,1395-12-10
2017-03-01,6066.0,6066.0,6066.0,6066.0,1231398000,203000,47,6066.0,1395-12-11
2017-03-04,5825.0,6099.0,5763.0,5844.0,17696263669,3028342,545,5763.0,1395-12-14
2017-03-05,5632.0,6120.0,5631.0,5919.0,11457686232,1935833,521,5730.0,1395-12-15
2017-03-06,5960.0,6045.0,5624.0,5768.0,6572042998,1139360,258,5624.0,1395-12-16
2017-03-07,5490.0,5675.0,5480.0,5521.0,5943273289,1076506,170,5480.0,1395-12-17
2017-03-08,5245.0,5245.0,5245.0,5467.0,204214075,38935,25,5245.0,1395-12-18
2017-03-11,5194.0,5290.0,5194.0,5194.0,15297766636,2945053,500,5194.0,1395-12-21
2017-03-12,5228.0,5453.0,5156.0,5411.0,12645988139,2336911,460,5360.0,1395-12-22
2017-03-13,5410.0,5472.0,5146.0,5232.0,6198534531,1184634,351,5214.0,1395-12-23
2017-03-14,5298.0,5430.0,5170.0,5338.0,4998790810,936393,189,5373.0,1395-12-24
2017-03-15,5350.0,5436.0,5200.0,5309.0,4236140352,797924,184,5270.0,1395-12-25
2017-03-18,5202.0,5308.0,5044.0,5205.0,8642941740,1660529,288,5299.0,1395-12-28
2017-03-25,5398.0,5465.0,5398.0,5419.0,1005806058,185006,39,5465.0,1396-01-05
2017-03-26,5689.0,5689.0,5689.0,5689.0,9296497302,1634118,123,5689.0,1396-01-06
2017-03-27,5968.0,5973.0,5762.0,5914.0,19217572896,3249582,565,5973.0,1396-01-07
2017-03-28,5962.0,6209.0,5962.0,6136.0,11043294901,1799676,366,6163.0,1396-01-08
2017-03-29,6031.0,6050.0,5830.0,5920.0,5909064339,998192,262,5925.0,1396-01-09
2017-04-03,6127.0,6140.0,5771.0,5822.0,6768471667,1162480,275,5884.0,1396-01-14
2017-04-04,6000.0,6113.0,5826.0,6039.0,15810203440,2617940,453,6112.0,1396-01-15
2017-04-05,6239.0,6330.0,5920.0,6153.0,8153505410,1325221,328,6193.0,1396-01-16
2017-04-08,6160.0,6460.0,6038.0,6337.0,10993911694,1734930,302,6460.0,1396-01-19
2017-04-09,6653.0,6653.0,6500.0,6644.0,14684828430,2210077,326,6653.0,1396-01-20
2017-04-10,6965.0,6976.0,6685.0,6941.0,23098277459,3327672,441,6976.0,1396-01-21
2017-04-12,7200.0,7288.0,7100.0,7256.0,36216492137,4990924,362,7288.0,1396-01-23
2017-04-15,7618.0,7618.0,7618.0,7618.0,7161552294,940083,71,7618.0,1396-01-26
2017-04-16,7990.0,7998.0,7900.0,7993.0,12873007139,1610577,203,7998.0,1396-01-27
2017-04-17,8392.0,8392.0,7594.0,7963.0,69955162589,8785471,887,7594.0,1396-01-28
2017-04-18,7565.0,7565.0,7565.0,7565.0,1617699600,213840,25,7565.0,1396-01-29
2017-04-19,7187.0,7880.0,7187.0,7344.0,55130995051,7506805,1098,7500.0,1396-01-30
2017-04-22,7711.0,7711.0,7613.0,7710.0,34299379691,4448619,476,7710.0,1396-02-02
2017-04-23,7750.0,7750.0,7325.0,7370.0,21188396346,2874882,381,7325.0,1396-02-03
2017-04-24,7190.0,7350.0,7010.0,7135.0,14542876637,2038279,511,7150.0,1396-02-04
2017-04-26,7300.0,7390.0,6779.0,6869.0,10469416067,1524164,454,6779.0,1396-02-06
2017-04-29,6880.0,6900.0,6526.0,6551.0,16631856254,2538827,441,6526.0,1396-02-09
2017-04-30,6372.0,6878.0,6372.0,6866.0,14090169125,2052091,404,6878.0,1396-02-10
2017-05-01,7170.0,7200.0,6876.0,7022.0,8009521539,1140699,316,6885.0,1396-02-11
2017-05-02,7030.0,7030.0,6690.0,6818.0,7362212748,1079815,347,6700.0,1396-02-12
2017-05-03,6690.0,7158.0,6540.0,7063.0,26830119519,3798718,720,7158.0,1396-02-13
2017-05-06,7111.0,7209.0,6750.0,6916.0,5404592953,781504,256,6773.0,1396-02-16
2017-05-07,6701.0,7019.0,6571.0,6660.0,7405898666,1112030,401,6571.0,1396-02-17
2017-05-08,6800.0,6800.0,6327.0,6381.0,9473917632,1484744,424,6520.0,1396-02-18
2017-05-09,6400.0,6700.0,6062.0,6403.0,16118528086,2517172,551,6570.0,1396-02-19
2017-05-10,6661.0,6661.0,6100.0,6316.0,9346882301,1479826,364,6337.0,1396-02-20
2017-05-13,6300.0,6631.0,6300.0,6618.0,14683505691,2218567,447,6631.0,1396-02-23
2017-05-14,6799.0,6799.0,6310.0,6536.0,5702915194,872562,297,6310.0,1396-02-24
2017-05-15,6536.0,6601.0,6393.0,6509.0,2588551301,397679,157,6600.0,1396-02-25
2017-05-16,6650.0,6700.0,6400.0,6604.0,4078314723,617543,202,6660.0,1396-02-26
2017-05-17,6660.0,6750.0,6570.0,6654.0,5339138657,802410,234,6660.0,1396-02-27
2017-05-20,6800.0,6986.0,6722.0,6919.0,5317202457,768537,234,6986.0,1396-02-30
2017-05-21,7168.0,7168.0,6760.0,6894.0,4073328978,590850,210,6985.0,1396-02-31
2017-05-22,6900.0,6990.0,6770.0,6833.0,3412073087,499369,156,6836.0,1396-03-01
2017-05-23,6948.0,6948.0,6825.0,6854.0,4176654307,609349,155,6887.0,1396-03-02
2017-05-24,6891.0,6949.0,6750.0,6889.0,6107805879,886611,222,6770.0,1396-03-03
2017-05-27,6805.0,6900.0,6548.0,6634.0,6976119484,1051554,209,6557.0,1396-03-06
2017-05-28,6550.0,6820.0,6400.0,6464.0,3508626870,542768,155,6440.0,1396-03-07
2017-05-29,6686.0,6750.0,6445.0,6651.0,2762735308,415368,154,6499.0,1396-03-08
2017-05-30,6560.0,6694.0,6430.0,6467.0,2433288876,376272,149,6436.0,1396-03-09
2017-05-31,6322.0,6640.0,6322.0,6490.0,2598300279,400372,130,6480.0,1396-03-10
2017-06-03,6620.0,6620.0,6500.0,6539.0,2074352913,317238,122,6590.0,1396-03-13
2017-06-06,6545.0,6665.0,6405.0,6495.0,1788067617,275309,90,6450.0,1396-03-16
2017-06-07,6171.0,6171.0,6171.0,6171.0,1614605124,261644,85,6171.0,1396-03-17
2017-06-10,5920.0,6300.0,5863.0,5905.0,7002939183,1185839,350,5899.0,1396-03-20
2017-06-11,5901.0,6000.0,5610.0,5688.0,4100904633,720913,196,5610.0,1396-03-21
2017-06-12,5458.0,5480.0,5404.0,5409.0,5556466923,1027260,269,5404.0,1396-03-22
2017-06-13,5403.0,5679.0,5400.0,5657.0,6640132381,1173730,240,5679.0,1396-03-23
2017-06-14,5843.0,5929.0,5725.0,5885.0,5034245272,855453,163,5850.0,1396-03-24
2017-06-17,5950.0,5999.0,5701.0,5789.0,2143310938,370245,110,5790.0,1396-03-27
2017-06-18,5940.0,5969.0,5650.0,5841.0,3730410534,638678,132,5775.0,1396-03-28
2017-06-19,5775.0,6050.0,5775.0,5982.0,5900680773,986410,171,6010.0,1396-03-29
2017-06-20,6133.0,6198.0,5683.0,5801.0,2459992980,424037,125,5829.0,1396-03-30
2017-06-21,5830.0,6060.0,5736.0,5925.0,3637766872,613941,79,5850.0,1396-03-31
2017-07-08,6225.0,6536.0,6225.0,6431.0,16953906473,2636083,358,6536.0,1396-04-17
2017-07-09,6690.0,6752.0,6500.0,6692.0,17968255705,2685103,297,6511.0,1396-04-18
2017-07-10,7026.0,7026.0,6815.0,7018.0,10412821790,1483697,212,7026.0,1396-04-19
2017-07-11,7365.0,7368.0,7120.0,7329.0,62336280272,8505818,776,7368.0,1396-04-20
2017-07-12,7500.0,7620.0,7300.0,7420.0,21415826199,2886302,590,7350.0,1396-04-21
2017-07-15,7370.0,7791.0,7370.0,7748.0,37537558077,4844772,775,7780.0,1396-04-24
2017-07-16,7990.0,7990.0,7361.0,7420.0,14468173858,1949897,434,7361.0,1396-04-25
2017-07-17,7050.0,7226.0,7049.0,7059.0,19895247933,2818295,494,7140.0,1396-04-26
2017-07-18,7100.0,7411.0,7010.0,7364.0,12895391620,1751052,356,7411.0,1396-04-27
2017-07-19,7430.0,7700.0,7269.0,7451.0,7208350346,967405,327,7270.0,1396-04-28
2017-07-22,7165.0,7419.0,7079.0,7123.0,9736436650,1366853,427,7150.0,1396-04-31
2017-07-23,7032.0,7209.0,6767.0,6852.0,10700792238,1561696,456,6880.0,1396-05-01
2017-07-24,6954.0,6930.0,6510.0,6619.0,7225008680,1091542,354,6530.0,1396-05-02
2017-10-28,5449.0,5721.0,5300.0,5549.0,21068933258,3797143,681,5600.0,1396-08-06
2017-10-29,5730.0,5826.0,5556.0,5773.0,19711891063,3414472,694,5690.0,1396-08-07
2017-10-30,5760.0,5760.0,5485.0,5520.0,10004598568,1812444,640,5490.0,1396-08-08
2017-10-31,5470.0,5660.0,5350.0,5503.0,6053804172,1100047,421,5520.0,1396-08-09
2017-11-01,5680.0,5778.0,5470.0,5747.0,15683498347,2729064,1547,5778.0,1396-08-10
2017-11-04,5880.0,6029.0,5749.0,5900.0,8774800613,1487311,1422,5959.0,1396-08-13
2017-11-05,6115.0,6195.0,6114.0,6182.0,12505139444,2022823,883,6195.0,1396-08-14
2017-11-06,6250.0,6428.0,5873.0,6073.0,7788148549,1282420,474,5960.0,1396-08-15
2017-11-07,5901.0,6150.0,5770.0,6029.0,8965509195,1487153,878,6000.0,1396-08-16
2017-11-08,6000.0,6070.0,5820.0,5903.0,1368582798,231848,362,5899.0,1396-08-17
2017-11-28,5761.0,5990.0,5608.0,5660.0,2094931650,370156,74,5608.0,1396-09-07
2017-11-29,5391.0,5593.0,5377.0,5387.0,4078104299,757044,201,5377.0,1396-09-08
2017-12-02,5140.0,5245.0,5118.0,5133.0,10035949522,1955308,492,5144.0,1396-09-11
2017-12-03,5190.0,5248.0,4877.0,4954.0,6681240580,1348737,423,4899.0,1396-09-12
2017-12-04,5030.0,5030.0,4707.0,4737.0,4886485193,1031651,335,4707.0,1396-09-13
2017-12-05,4504.0,4545.0,4501.0,4505.0,4148227452,920868,186,4501.0,1396-09-14
2017-12-09,4310.0,4640.0,4281.0,4401.0,28147845647,6395684,964,4417.0,1396-09-18
2017-12-10,4458.0,4621.0,4449.0,4587.0,13178105724,2872871,652,4621.0,1396-09-19
2017-12-11,4697.0,4699.0,4358.0,4401.0,11362287626,2581619,573,4358.0,1396-09-20
2017-12-12,4250.0,4301.0,4181.0,4195.0,14537939059,3465575,729,4181.0,1396-09-21
2017-12-13,4151.0,4249.0,3989.0,4065.0,13367081357,3288414,710,4100.0,1396-09-22
2017-12-16,4040.0,4268.0,4040.0,4255.0,13640758526,3205972,586,4268.0,1396-09-25
2017-12-17,4210.0,4350.0,4050.0,4174.0,4027361696,964824,368,4050.0,1396-09-26
2017-12-18,4051.0,4133.0,3966.0,3988.0,6321504007,1585222,451,3966.0,1396-09-27
2017-12-19,3890.0,3950.0,3789.0,3840.0,15621342532,4068269,763,3940.0,1396-09-28
2017-12-20,3902.0,4027.0,3890.0,4004.0,7195928246,1796996,474,4013.0,1396-09-29
2017-12-23,4031.0,4126.0,3911.0,4002.0,4882214414,1220020,363,4000.0,1396-10-02
2017-12-24,3999.0,4073.0,3850.0,3960.0,26319964908,6647254,587,3883.0,1396-10-03
2017-12-25,3996.0,3999.0,3832.0,3876.0,6631675036,1710798,487,3832.0,1396-10-04
2017-12-30,3979.0,3979.0,3790.0,3877.0,1134918252,292700,80,3886.0,1396-10-09
2017-12-31,3823.0,3823.0,3684.0,3725.0,1166841476,313241,108,3684.0,1396-10-10
2018-01-01,3539.0,3765.0,3539.0,3685.0,8401119339,2280018,288,3695.0,1396-10-11
2018-01-02,3729.0,3798.0,3530.0,3629.0,1430609072,394211,137,3655.0,1396-10-12
2018-01-03,3535.0,3555.0,3448.0,3472.0,3853376650,1109912,225,3448.0,1396-10-13
2018-01-06,3360.0,3559.0,3323.0,3487.0,1878873997,538868,166,3519.0,1396-10-16
2018-01-07,3539.0,3661.0,3500.0,3609.0,2045555281,566845,156,3661.0,1396-10-17
2018-01-08,3789.0,3789.0,3789.0,3789.0,2760354702,728518,66,3789.0,1396-10-18
2018-01-09,3977.0,3977.0,3790.0,3876.0,6045745774,1559921,296,3870.0,1396-10-19
2018-01-10,3845.0,3900.0,3761.0,3849.0,369721537,96792,69,3855.0,1396-10-20
2018-01-13,3872.0,3915.0,3800.0,3868.0,887203942,229379,93,3876.0,1396-10-23
2018-01-14,3897.0,3897.0,3800.0,3853.0,1824550944,473514,190,3853.0,1396-10-24
2018-01-15,3865.0,3900.0,3788.0,3858.0,12533397762,3248365,387,3788.0,1396-10-25
2018-01-16,3844.0,3880.0,3776.0,3824.0,1544114658,403807,127,3878.0,1396-10-26
2018-01-17,3879.0,3930.0,3800.0,3849.0,4527335630,1176227,349,3899.0,1396-10-27
2018-01-20,3948.0,4041.0,3851.0,4004.0,9497148319,2371828,560,4002.0,1396-10-30
2018-01-21,4040.0,4099.0,3822.0,4009.0,3491784854,871043,358,4000.0,1396-11-01
2018-01-22,4099.0,4189.0,4000.0,4114.0,5390007389,1310097,464,4050.0,1396-11-02
2018-01-23,4130.0,4150.0,3909.0,4012.0,3753660640,935631,375,3909.0,1396-11-03
2018-01-24,3998.0,3998.0,3812.0,3873.0,4822934525,1245280,431,3858.0,1396-11-04
2018-01-27,3822.0,3993.0,3802.0,3880.0,1976029754,509274,236,3880.0,1396-11-07
2018-01-28,3985.0,3989.0,3800.0,3879.0,4022960269,1037178,316,3935.0,1396-11-08
2018-01-29,3929.0,3930.0,3750.0,3823.0,2909342875,760983,254,3750.0,1396-11-09
2018-01-30,3800.0,3830.0,3632.0,3654.0,5488326997,1501869,467,3635.0,1396-11-10
2018-01-31,3542.0,3629.0,3472.0,3490.0,5651154460,1619273,413,3510.0,1396-11-11
2018-02-03,3484.0,3659.0,3404.0,3563.0,3204164347,899242,325,3600.0,1396-11-14
2018-02-04,3600.0,3670.0,3476.0,3550.0,2046847627,576626,203,3485.0,1396-11-15
2018-02-05,3530.0,3598.0,3481.0,3529.0,2126217942,602481,204,3580.0,1396-11-16
2018-02-06,3579.0,3650.0,3473.0,3595.0,1890458697,525893,252,3630.0,1396-11-17
2018-02-07,3647.0,3650.0,3526.0,3580.0,1250283293,349270,135,3609.0,1396-11-18
2018-02-10,3598.0,3598.0,3497.0,3524.0,937120932,265938,115,3501.0,1396-11-21
2018-02-12,3496.0,3573.0,3450.0,3508.0,873916240,249150,111,3515.0,1396-11-23
2018-02-13,3534.0,3620.0,3510.0,3584.0,2074281547,578697,208,3580.0,1396-11-24
2018-02-14,3501.0,3646.0,3501.0,3610.0,1154097496,319714,170,3580.0,1396-11-25
2018-02-17,3630.0,3630.0,3499.0,3529.0,1523604069,431782,208,3500.0,1396-11-28
2018-02-18,3585.0,3585.0,3460.0,3491.0,1314610218,376579,181,3460.0,1396-11-29
2018-02-19,3495.0,3500.0,3400.0,3440.0,2021949422,587739,224,3489.0,1396-11-30
2018-02-21,3451.0,3499.0,3380.0,3398.0,1504486033,442740,231,3425.0,1396-12-02
2018-02-24,3401.0,3439.0,3241.0,3307.0,2005742241,606556,251,3244.0,1396-12-05
2018-02-25,3270.0,3410.0,3211.0,3285.0,2481312738,755425,250,3320.0,1396-12-06
2018-02-26,3250.0,3359.0,3201.0,3265.0,1802855177,552248,194,3201.0,1396-12-07
2018-02-27,3200.0,3289.0,3102.0,3128.0,10233257575,3271048,685,3175.0,1396-12-08
2018-02-28,3070.0,3225.0,3020.0,3149.0,4521191715,1435731,421,3178.0,1396-12-09
2018-03-03,3150.0,3306.0,3150.0,3265.0,4417692036,1352900,425,3244.0,1396-12-12
2018-03-04,3270.0,3304.0,3140.0,3220.0,1645027037,510870,196,3140.0,1396-12-13
2018-03-05,3150.0,3209.0,3061.0,3100.0,1913960879,617414,212,3138.0,1396-12-14
2018-03-06,3158.0,3162.0,2945.0,2993.0,2493190832,832872,353,3000.0,1396-12-15
2018-03-07,2998.0,3019.0,2946.0,2988.0,1254505575,419814,173,3005.0,1396-12-16
2018-03-10,3048.0,3049.0,2860.0,2899.0,1724358179,594883,184,2890.0,1396-12-19
2018-03-11,2900.0,3043.0,2810.0,2879.0,11032048168,3831924,467,3035.0,1396-12-20
2018-03-12,3022.0,3022.0,3022.0,3022.0,760966798,251809,37,3022.0,1396-12-21
2018-03-13,3173.0,3173.0,3000.0,3137.0,9010714908,2872328,492,3088.0,1396-12-22
2018-03-14,3120.0,3120.0,2981.0,3000.0,5090067231,1696670,312,2981.0,1396-12-23
2018-03-17,2901.0,2991.0,2850.0,2870.0,1469972707,512248,184,2900.0,1396-12-26
2018-03-18,2900.0,2960.0,2853.0,2911.0,494272553,169331,101,2853.0,1396-12-27
2018-03-19,2960.0,2999.0,2810.0,2857.0,1957943763,685237,157,2930.0,1396-12-28
2018-03-25,2900.0,2979.0,2800.0,2823.0,915733464,324328,84,2869.0,1397-01-05
2018-03-26,2815.0,2887.0,2815.0,2839.0,439843291,154691,55,2873.0,1397-01-06
2018-03-28,2950.0,3079.0,2900.0,2975.0,4008796434,1347647,302,2959.0,1397-01-08
2018-04-03,3000.0,3010.0,2850.0,2908.0,1885781590,648437,180,2900.0,1397-01-14
2018-04-04,2949.0,2949.0,2815.0,2846.0,2045881517,718760,159,2850.0,1397-01-15
2018-04-07,2800.0,2876.0,2800.0,2820.0,1852859494,656992,142,2839.0,1397-01-18
2018-04-08,2800.0,2838.0,2735.0,2759.0,1171363533,424562,187,2736.0,1397-01-19
2018-04-09,2762.0,2840.0,2622.0,2685.0,2735890812,1019118,252,2622.0,1397-01-20
2018-04-10,2575.0,2780.0,2575.0,2653.0,3036480211,1144651,367,2705.0,1397-01-21
2018-04-11,2700.0,2747.0,2521.0,2604.0,2419574456,929161,161,2600.0,1397-01-22
2018-04-15,2600.0,2619.0,2483.0,2535.0,947600453,373758,81,2589.0,1397-01-26
2018-04-16,2506.0,2599.0,2485.0,2510.0,680270497,271027,67,2500.0,1397-01-27
2018-04-17,2500.0,2635.0,2450.0,2562.0,2450023533,956360,266,2635.0,1397-01-28
2018-04-18,2668.0,2690.0,2630.0,2687.0,2360409919,878559,131,2690.0,1397-01-29
2018-04-21,2810.0,2821.0,2688.0,2770.0,6086035434,2197225,417,2750.0,1397-02-01
2018-04-22,2710.0,2750.0,2640.0,2671.0,3009118164,1126457,208,2730.0,1397-02-02
2018-04-23,2730.0,2804.0,2701.0,2792.0,4412745769,1580330,247,2804.0,1397-02-03
2018-04-24,2850.0,2920.0,2804.0,2874.0,3368018014,1171908,241,2874.0,1397-02-04
2018-04-25,2875.0,2903.0,2830.0,2869.0,1186572136,413513,140,2873.0,1397-02-05
2018-04-28,2815.0,2850.0,2726.0,2752.0,1352170533,491291,132,2726.0,1397-02-08
2018-04-29,2690.0,2799.0,2623.0,2652.0,1507348454,568389,143,2662.0,1397-02-09
2018-04-30,2662.0,2697.0,2583.0,2620.0,998130591,380952,86,2600.0,1397-02-10
2018-05-01,2600.0,2650.0,2520.0,2555.0,1688542354,660758,120,2577.0,1397-02-11
2018-05-05,2578.0,2645.0,2480.0,2512.0,925921623,368542,84,2500.0,1397-02-15
2018-05-06,2490.0,2525.0,2452.0,2468.0,887274965,359554,113,2525.0,1397-02-16
2018-05-07,2500.0,2591.0,2500.0,2569.0,1566198045,609626,142,2591.0,1397-02-17
2018-05-08,2620.0,2694.0,2570.0,2654.0,1732874402,652963,145,2694.0,1397-02-18
2018-05-09,2620.0,2680.0,2540.0,2653.0,1489981217,561546,105,2680.0,1397-02-19
2018-05-12,2689.0,2689.0,2596.0,2648.0,863747199,326140,78,2680.0,1397-02-22
2018-05-13,2610.0,2745.0,2610.0,2704.0,1307507623,483597,137,2730.0,1397-02-23
2018-05-14,2720.0,2835.0,2720.0,2801.0,2264855802,808671,182,2835.0,1397-02-24
2018-05-15,2870.0,2886.0,2706.0,2779.0,1786731658,642964,133,2710.0,1397-02-25
2018-05-16,2740.0,2770.0,2720.0,2742.0,935184961,341034,99,2745.0,1397-02-26
2018-05-19,2745.0,2770.0,2701.0,2722.0,2462986288,904941,149,2713.0,1397-02-29
2018-05-20,2704.0,2809.0,2704.0,2760.0,1114649319,403922,115,2807.0,1397-02-30
2018-05-21,2785.0,2898.0,2785.0,2840.0,3061611498,1077976,205,2898.0,1397-02-31
2018-05-22,2982.0,2982.0,2950.0,2981.0,14004043933,4697943,646,2982.0,1397-03-01
2018-05-23,3050.0,3059.0,2902.0,3019.0,8015945723,2655597,685,3049.0,1397-03-02
2018-05-26,3099.0,3128.0,3042.0,3099.0,6606503030,2132110,408,3060.0,1397-03-05
2018-05-27,3070.0,3150.0,3001.0,3047.0,3943912899,1294565,280,3150.0,1397-03-06
2018-05-28,3159.0,3159.0,3066.0,3105.0,5233269729,1685642,326,3105.0,1397-03-07
2018-05-29,3148.0,3159.0,3110.0,3136.0,3529314295,1125330,348,3158.0,1397-03-08
2018-05-30,3150.0,3292.0,3150.0,3260.0,9081643179,2785783,512,3291.0,1397-03-09
2018-06-02,3291.0,3413.0,3291.0,3355.0,5279965985,1573808,458,3375.0,1397-03-12
2018-06-03,3362.0,3396.0,3213.0,3277.0,4601657302,1404168,410,3250.0,1397-03-13
2018-06-09,3250.0,3251.0,3114.0,3135.0,1608196696,513022,137,3114.0,1397-03-19
2018-06-10,3001.0,3200.0,3001.0,3118.0,8047658132,2581077,511,3175.0,1397-03-20
2018-06-11,3175.0,3273.0,3175.0,3242.0,8037797759,2479421,389,3273.0,1397-03-21
2018-06-12,3390.0,3404.0,3310.0,3377.0,7610919632,2254047,412,3404.0,1397-03-22
2018-06-13,3411.0,3544.0,3411.0,3513.0,6578306481,1872620,381,3543.0,1397-03-23
2018-06-17,3545.0,3688.0,3545.0,3673.0,4726006258,1286516,197,3688.0,1397-03-27
2018-06-18,3850.0,3850.0,3778.0,3761.0,425140918,110938,23,3840.0,1397-03-28
2018-06-19,3853.0,4028.0,3765.0,3913.0,14050300018,3591058,719,3978.0,1397-03-29
2018-06-20,4019.0,4019.0,3800.0,3889.0,10108394008,2598899,587,3850.0,1397-03-30
2018-06-23,3800.0,3800.0,3695.0,3711.0,9986285481,2690750,599,3700.0,1397-04-02
2018-06-24,3700.0,3843.0,3533.0,3703.0,7724020569,2085795,391,3550.0,1397-04-03
2018-06-25,3570.0,3680.0,3518.0,3534.0,11126045695,3148393,707,3518.0,1397-04-04
2018-06-26,3462.0,3673.0,3461.0,3569.0,6505842640,1823096,427,3640.0,1397-04-05
2018-06-27,3693.0,3747.0,3601.0,3717.0,8021450556,2158265,445,3720.0,1397-04-06
2018-06-30,3755.0,3760.0,3533.0,3615.0,3491559947,965920,281,3533.0,1397-04-09
2018-07-01,3532.0,3540.0,3435.0,3447.0,5045257772,1463616,380,3500.0,1397-04-10
2018-07-02,3530.0,3619.0,3529.0,3616.0,874615546,241894,74,3619.0,1397-04-11
2018-07-03,3790.0,3790.0,3502.0,3662.0,8806573579,2404904,401,3630.0,1397-04-12
2018-07-04,3544.0,3654.0,3500.0,3578.0,2588161613,723399,167,3615.0,1397-04-13
2018-07-07,3555.0,3756.0,3511.0,3733.0,26314991926,7050027,801,3756.0,1397-04-16
2018-07-08,3738.0,3788.0,3570.0,3676.0,6306013722,1715420,363,3579.0,1397-04-17
2018-07-10,3699.0,3699.0,3493.0,3516.0,3104554059,883046,225,3493.0,1397-04-19
2018-07-11,3430.0,3555.0,3411.0,3459.0,4168750212,1205268,356,3412.0,1397-04-20
2018-07-14,3354.0,3509.0,3352.0,3465.0,1622988947,468399,156,3430.0,1397-04-23
2018-07-15,3431.0,3500.0,3431.0,3466.0,1511391258,436049,113,3483.0,1397-04-24
2018-07-16,3485.0,3560.0,3300.0,3389.0,6707833068,1979504,413,3315.0,1397-04-25
2018-07-17,3375.0,3464.0,3342.0,3400.0,1299328236,382118,137,3406.0,1397-04-26
2018-07-18,3510.0,3570.0,3451.0,3553.0,12251853639,3447982,594,3452.0,1397-04-27
2018-07-21,3529.0,3625.0,3501.0,3576.0,1259966521,352358,118,3501.0,1397-04-30
2018-07-22,3664.0,3664.0,3481.0,3504.0,2140972039,610956,236,3481.0,1397-04-31
2018-07-23,3416.0,3495.0,3380.0,3405.0,1678638899,493026,146,3390.0,1397-05-01
2018-07-24,3475.0,3475.0,3350.0,3388.0,3198469539,944119,238,3361.0,1397-05-02
2018-07-25,3349.0,3391.0,3324.0,3360.0,2480415514,738244,170,3349.0,1397-05-03
2018-07-30,3475.0,3475.0,3200.0,3291.0,4412658341,1340701,259,3324.0,1397-05-08
2018-07-31,3300.0,3390.0,3240.0,3311.0,11097628211,3351890,638,3300.0,1397-05-09
2018-08-01,3389.0,3389.0,3151.0,3258.0,8218855229,2522872,455,3180.0,1397-05-10
2018-08-04,3200.0,3288.0,3096.0,3138.0,10628823975,3386754,515,3145.0,1397-05-13
2018-08-05,3059.0,3187.0,2982.0,3043.0,8504074833,2794972,582,2982.0,1397-05-14
2018-08-06,2891.0,2980.0,2891.0,2893.0,7730495954,2672486,346,2891.0,1397-05-15
2018-08-07,2773.0,2935.0,2749.0,2810.0,16492570795,5869304,940,2917.0,1397-05-16
2018-08-08,2950.0,2950.0,2949.0,2950.0,3786865500,1283690,181,2950.0,1397-05-17
2018-08-11,3090.0,3097.0,2950.0,3041.0,20585875579,6770412,1372,3050.0,1397-05-20
2018-08-12,3097.0,3097.0,2889.0,2957.0,7766086032,2626510,622,2976.0,1397-05-21
2018-08-13,3047.0,3047.0,2930.0,2958.0,6320509484,2136590,397,2933.0,1397-05-22
2018-08-14,2950.0,2990.0,2811.0,2845.0,13277618283,4667190,733,2850.0,1397-05-23
2018-08-15,2919.0,2950.0,2850.0,2905.0,8413864039,2896637,478,2897.0,1397-05-24
2018-08-18,2860.0,3000.0,2860.0,2946.0,9113214681,3093359,590,2900.0,1397-05-27
2018-08-19,2950.0,2970.0,2850.0,2895.0,7981592865,2757418,597,2909.0,1397-05-28
2018-08-20,2940.0,3039.0,2899.0,3014.0,33477629067,11105735,1153,3039.0,1397-05-29
2018-08-21,3093.0,3164.0,3060.0,3131.0,9631268538,3076243,481,3164.0,1397-05-30
2018-08-25,3250.0,3287.0,3113.0,3253.0,14339609748,4407875,677,3287.0,1397-06-03
2018-08-26,3355.0,3415.0,3252.0,3345.0,20827186194,6226528,1034,3260.0,1397-06-04
2018-08-27,3216.0,3230.0,3178.0,3182.0,19062966281,5990054,955,3178.0,1397-06-05
2018-08-28,3190.0,3299.0,3065.0,3196.0,12984342598,4063315,702,3190.0,1397-06-06
2018-08-29,3190.0,3281.0,3113.0,3180.0,8832066017,2777179,566,3179.0,1397-06-07
2018-09-01,3150.0,3238.0,3150.0,3187.0,6151649733,1930529,385,3160.0,1397-06-10
2018-09-02,3219.0,3240.0,3099.0,3164.0,10764486521,3402695,509,3123.0,1397-06-11
2018-09-03,3140.0,3195.0,3102.0,3146.0,8635615005,2745376,446,3110.0,1397-06-12
2018-09-04,3110.0,3245.0,3100.0,3163.0,8275922829,2616733,559,3131.0,1397-06-13
2018-09-05,3185.0,3185.0,3062.0,3101.0,11444686747,3690652,749,3130.0,1397-06-14
2018-09-08,3163.0,3256.0,3120.0,3217.0,20089859199,6245501,1019,3256.0,1397-06-17
2018-09-09,3355.0,3498.0,3291.0,3380.0,30864375744,9131952,1461,3345.0,1397-06-18
2018-09-10,3410.0,3499.0,3255.0,3402.0,30067903914,8839072,1612,3370.0,1397-06-19
2018-09-11,3400.0,3572.0,3400.0,3564.0,47077098257,13207762,1779,3572.0,1397-06-20
2018-09-12,3700.0,3742.0,3611.0,3725.0,15407114994,4136107,655,3742.0,1397-06-21
2018-09-15,3899.0,3911.0,3600.0,3865.0,37135967856,9608439,1531,3739.0,1397-06-24
2018-09-16,3672.0,3811.0,3672.0,3695.0,26777623067,7246973,1286,3720.0,1397-06-25
2018-09-17,3840.0,3879.0,3725.0,3878.0,129576708249,33413031,2288,3879.0,1397-06-26
2018-09-18,4071.0,4071.0,4065.0,4071.0,187175736681,45977919,2364,4071.0,1397-06-27
2018-09-22,4274.0,4274.0,4180.0,4274.0,99774646632,23346722,2012,4274.0,1397-06-31
2018-09-23,4487.0,4487.0,4151.0,4361.0,77224557213,17708077,3237,4240.0,1397-07-01
2018-09-24,4302.0,4579.0,4270.0,4459.0,50641717192,11358307,1714,4579.0,1397-07-02
2018-09-25,4681.0,4915.0,4600.0,4768.0,59998854201,12584010,2118,4660.0,1397-07-03
2018-09-26,4839.0,4839.0,4581.0,4728.0,106821176308,22591831,3808,4625.0,1397-07-04
2018-09-29,4861.0,4964.0,4835.0,4916.0,45917052752,9340483,1175,4964.0,1397-07-07
2018-09-30,5161.0,5161.0,5161.0,5161.0,1970893002,381882,39,5161.0,1397-07-08
2018-10-03,4340.0,4557.0,4340.0,4497.0,35372948308,7866135,1070,4557.0,1397-07-11
2018-10-06,4721.0,4721.0,4273.0,4483.0,31086577609,6934175,1229,4273.0,1397-07-14
2018-10-07,4259.0,4259.0,4259.0,4259.0,1603019456,376384,79,4259.0,1397-07-15
2018-10-08,4047.0,4047.0,4047.0,4047.0,2295725502,567266,74,4047.0,1397-07-16
2018-10-09,3845.0,4150.0,3845.0,3937.0,77407848914,19659993,2864,3845.0,1397-07-17
2018-10-10,3830.0,3880.0,3741.0,3770.0,13389538710,3552037,555,3741.0,1397-07-18
2018-10-13,3582.0,3582.0,3582.0,3582.0,2625050790,732845,64,3582.0,1397-07-21
2018-10-15,3761.0,3949.0,3761.0,3867.0,30037962396,7768765,1312,3944.0,1397-07-23
2018-10-16,3990.0,4060.0,3850.0,3951.0,42042895783,10642330,1750,3890.0,1397-07-24
2018-10-17,3754.0,3890.0,3754.0,3789.0,26820816168,7078435,1247,3890.0,1397-07-25
2018-10-20,3920.0,3978.0,3890.0,3964.0,28027352240,7070893,1168,3978.0,1397-07-28
2018-10-21,4140.0,4140.0,3766.0,3872.0,22564107707,5827526,1380,3767.0,1397-07-29
2018-10-22,3800.0,3856.0,3679.0,3695.0,15034548507,4068946,839,3679.0,1397-07-30
2018-10-23,3604.0,3604.0,3511.0,3523.0,2472244297,701731,144,3511.0,1397-08-01
2018-10-24,3347.0,3347.0,3347.0,3347.0,1613732621,482143,108,3347.0,1397-08-02
2018-10-27,3180.0,3180.0,3180.0,3180.0,8784819960,2762522,434,3180.0,1397-08-05
2018-10-28,3061.0,3180.0,3061.0,3065.0,5541812960,1807994,94,3179.0,1397-08-06
2018-10-29,3218.0,3378.0,3218.0,3330.0,23129652222,6946476,1204,3378.0,1397-08-07
2018-10-31,3496.0,3496.0,3401.0,3472.0,14019394922,4038098,869,3496.0,1397-08-09
2018-11-03,3540.0,3550.0,3314.0,3437.0,9238405981,2688045,604,3392.0,1397-08-12
2018-11-04,3400.0,3498.0,3266.0,3309.0,20659669145,6244410,923,3330.0,1397-08-13
2018-11-05,3366.0,3474.0,3301.0,3463.0,28666668696,8278294,1083,3474.0,1397-08-14
2018-11-06,3535.0,3610.0,3350.0,3514.0,14623368184,4161769,1015,3499.0,1397-08-15
2018-11-10,3514.0,3689.0,3514.0,3655.0,30379276190,8311798,1686,3688.0,1397-08-19
2018-11-11,3700.0,3720.0,3520.0,3592.0,14863327119,4138219,1173,3570.0,1397-08-20
2018-11-12,3600.0,3730.0,3580.0,3668.0,14577156741,3974634,762,3730.0,1397-08-21
2018-11-13,3710.0,3734.0,3500.0,3617.0,14729789328,4072788,871,3541.0,1397-08-22
2018-11-14,3541.0,3541.0,3437.0,3445.0,19419601081,5636379,1086,3444.0,1397-08-23
2018-11-17,3451.0,3451.0,3300.0,3348.0,12581540460,3757958,1036,3349.0,1397-08-26
2018-11-18,3400.0,3515.0,3360.0,3479.0,29598404666,8508664,1537,3515.0,1397-08-27
2018-11-19,3595.0,3649.0,3498.0,3580.0,17836604139,4982872,1084,3499.0,1397-08-28
2018-11-20,3573.0,3573.0,3420.0,3453.0,9876183255,2859944,716,3460.0,1397-08-29
2018-11-21,3625.0,3625.0,3560.0,3623.0,24647347060,6802970,621,3625.0,1397-08-30
2018-11-24,3699.0,3744.0,3500.0,3645.0,22363937170,6135420,1310,3600.0,1397-09-03
2018-11-26,3600.0,3600.0,3463.0,3473.0,15236248689,4386678,817,3463.0,1397-09-05
2018-11-27,3365.0,3530.0,3360.0,3436.0,7701854648,2241192,591,3440.0,1397-09-06
2018-11-28,3499.0,3533.0,3372.0,3448.0,7841107368,2274287,531,3425.0,1397-09-07
2018-12-01,3495.0,3495.0,3276.0,3284.0,11390146864,3468792,689,3276.0,1397-09-10
2018-12-02,3265.0,3399.0,3185.0,3287.0,8524403253,2593455,619,3328.0,1397-09-11
2018-12-03,3380.0,3380.0,3261.0,3291.0,13503919303,4103013,977,3270.0,1397-09-12
2018-12-04,3319.0,3319.0,3170.0,3229.0,9610393739,2976069,712,3226.0,1397-09-13
2018-12-05,3212.0,3349.0,3212.0,3292.0,10237756731,3109690,750,3324.0,1397-09-14
2018-12-12,3379.0,3379.0,3222.0,3251.0,8859865853,2725018,716,3260.0,1397-09-21
2018-12-15,3299.0,3299.0,3179.0,3221.0,8780876763,2726034,786,3213.0,1397-09-24
2018-12-16,3189.0,3382.0,3189.0,3367.0,13635150517,4049776,565,3382.0,1397-09-25
2018-12-17,3470.0,3470.0,3310.0,3386.0,12843854944,3792917,777,3350.0,1397-09-26
2018-12-18,3360.0,3360.0,3220.0,3257.0,5315249447,1631988,457,3270.0,1397-09-27
2018-12-19,3240.0,3319.0,3171.0,3200.0,5171113788,1615725,499,3265.0,1397-09-28
2018-12-22,3318.0,3318.0,3200.0,3227.0,3513302002,1088811,286,3230.0,1397-10-01
2018-12-23,3222.0,3349.0,3200.0,3262.0,5534227304,1696426,420,3249.0,1397-10-02
2018-12-24,3350.0,3350.0,3251.0,3310.0,6609336561,1997009,411,3299.0,1397-10-03
2018-12-25,3299.0,3299.0,3189.0,3225.0,6308413458,1956194,455,3230.0,1397-10-04
2018-12-26,3201.0,3285.0,3156.0,3192.0,14809939867,4640220,1011,3198.0,1397-10-05
2018-12-29,3215.0,3245.0,3189.0,3211.0,7801302423,2429476,589,3203.0,1397-10-08
2018-12-30,3257.0,3257.0,3162.0,3188.0,7372193485,2312306,647,3190.0,1397-10-09
2018-12-31,3181.0,3225.0,3167.0,3193.0,7711366075,2415218,599,3215.0,1397-10-10
2019-01-01,3215.0,3299.0,3182.0,3236.0,8352422382,2580804,640,3220.0,1397-10-11
2019-01-02,3259.0,3259.0,3181.0,3196.0,7758509469,2427732,546,3200.0,1397-10-12
2019-01-05,3240.0,3240.0,3148.0,3181.0,9675185241,3041143,744,3201.0,1397-10-15
2019-01-06,3200.0,3288.0,3184.0,3255.0,11562828009,3552718,740,3259.0,1397-10-16
2019-01-07,3280.0,3280.0,3220.0,3241.0,8187672953,2525969,486,3240.0,1397-10-17
2019-01-08,3225.0,3330.0,3225.0,3271.0,10107225049,3090193,683,3240.0,1397-10-18
2019-01-09,3261.0,3380.0,3230.0,3330.0,22478608193,6751231,1213,3360.0,1397-10-19
2019-01-12,3397.0,3496.0,3389.0,3486.0,35324322944,10132713,1700,3496.0,1397-10-22
2019-01-13,3500.0,3533.0,3393.0,3452.0,17560954185,5087055,1307,3432.0,1397-10-23
2019-01-14,3478.0,3478.0,3341.0,3398.0,10147803677,2986110,767,3390.0,1397-10-24
2019-01-15,3350.0,3449.0,3342.0,3396.0,11501871521,3386744,652,3386.0,1397-10-25
2019-01-16,3420.0,3490.0,3400.0,3445.0,10744058588,3118945,585,3439.0,1397-10-26
2019-01-19,3445.0,3589.0,3401.0,3505.0,18936388471,5402001,1159,3584.0,1397-10-29
2019-01-20,3550.0,3598.0,3340.0,3512.0,11718858598,3337206,751,3340.0,1397-10-30
2019-01-21,3347.0,3376.0,3337.0,3338.0,10205700274,3057625,407,3337.0,1397-11-01
2019-01-22,3249.0,3380.0,3180.0,3329.0,11276274864,3387540,630,3357.0,1397-11-02
2019-01-23,3330.0,3389.0,3280.0,3320.0,7633992107,2299587,663,3338.0,1397-11-03
2019-01-26,3380.0,3380.0,3260.0,3317.0,6984759662,2105876,452,3260.0,1397-11-06
2019-01-27,3253.0,3299.0,3200.0,3230.0,11618735265,3597176,749,3208.0,1397-11-07
2019-01-28,3200.0,3248.0,3160.0,3184.0,13646795950,4285550,972,3240.0,1397-11-08
2019-01-29,3230.0,3309.0,3199.0,3270.0,7922023342,2422408,690,3248.0,1397-11-09
2019-01-30,3295.0,3295.0,3190.0,3216.0,11133261619,3462099,617,3259.0,1397-11-10
2019-02-02,3201.0,3269.0,3191.0,3224.0,5065049745,1571098,460,3200.0,1397-11-13
2019-02-03,3284.0,3284.0,3100.0,3172.0,7733475667,2437881,647,3220.0,1397-11-14
2019-02-04,3219.0,3220.0,3120.0,3168.0,3078249175,971799,244,3180.0,1397-11-15
2019-02-05,3222.0,3222.0,3151.0,3184.0,4144796244,1301698,304,3194.0,1397-11-16
2019-02-06,3206.0,3206.0,3152.0,3174.0,7731846696,2435791,532,3180.0,1397-11-17
2019-02-10,3200.0,3220.0,3153.0,3176.0,4288690217,1350172,377,3160.0,1397-11-21
2019-02-12,3119.0,3200.0,3115.0,3137.0,5382135760,1715503,431,3136.0,1397-11-23
2019-02-13,3112.0,3200.0,3050.0,3086.0,13117225719,4250767,878,3110.0,1397-11-24
2019-02-17,3150.0,3160.0,3043.0,3107.0,4678282547,1505898,450,3134.0,1397-11-28
2019-02-18,3139.0,3142.0,3041.0,3081.0,4430390658,1438094,441,3060.0,1397-11-29
2019-02-19,3105.0,3110.0,3010.0,3054.0,8496041672,2781898,646,3048.0,1397-11-30
2019-02-20,3080.0,3080.0,2920.0,2988.0,10572870768,3538611,1082,2976.0,1397-12-01
2019-02-23,3030.0,3137.0,3030.0,3129.0,11739411804,3751310,803,3137.0,1397-12-04
2019-02-24,3178.0,3178.0,3110.0,3137.0,6408466274,2042624,527,3122.0,1397-12-05
2019-02-25,3158.0,3158.0,3080.0,3104.0,13204678426,4254373,611,3113.0,1397-12-06
2019-02-26,3089.0,3259.0,3060.0,3200.0,34335067164,10730979,1700,3259.0,1397-12-07
2019-02-27,3300.0,3360.0,3263.0,3347.0,32230708158,9631126,1595,3360.0,1397-12-08
2019-03-02,3440.0,3440.0,3270.0,3334.0,15175021985,4551128,1232,3290.0,1397-12-11
2019-03-03,3285.0,3324.0,3168.0,3213.0,15495943275,4823430,875,3201.0,1397-12-12
2019-03-04,3261.0,3319.0,3216.0,3264.0,6930545623,2123475,509,3254.0,1397-12-13
2019-03-05,3240.0,3240.0,3078.0,3111.0,14149836464,4548268,952,3113.0,1397-12-14
2019-03-06,3120.0,3242.0,3091.0,3175.0,6617153090,2084116,488,3182.0,1397-12-15
2019-03-09,3235.0,3239.0,3050.0,3139.0,7761486877,2472548,480,3150.0,1397-12-18
2019-03-10,3101.0,3209.0,3062.0,3157.0,8334537525,2639893,583,3160.0,1397-12-19
2019-03-11,3115.0,3232.0,3114.0,3193.0,10814940776,3387300,577,3180.0,1397-12-20
2019-03-12,3200.0,3268.0,3140.0,3209.0,9803308791,3055229,623,3199.0,1397-12-21
2019-03-13,3210.0,3210.0,3135.0,3160.0,11568006045,3661070,744,3141.0,1397-12-22
2019-03-16,3155.0,3208.0,3130.0,3154.0,7228876769,2291808,627,3133.0,1397-12-25
2019-03-17,3132.0,3300.0,3132.0,3237.0,16836489966,5200584,1030,3189.0,1397-12-26
2019-03-18,3251.0,3350.0,3220.0,3291.0,13575453177,4125451,749,3300.0,1397-12-27
2019-03-19,3344.0,3344.0,3247.0,3270.0,10797649109,3301611,661,3260.0,1397-12-28
2019-03-25,3250.0,3350.0,3241.0,3296.0,5547358242,1683280,409,3296.0,1398-01-05
2019-03-26,3349.0,3434.0,3310.0,3397.0,13897362702,4091623,960,3399.0,1398-01-06
2019-03-27,3404.0,3404.0,3305.0,3343.0,11967167938,3579916,754,3350.0,1398-01-07
2019-03-30,3356.0,3390.0,3300.0,3350.0,11101770335,3313943,780,3370.0,1398-01-10
2019-03-31,3400.0,3485.0,3300.0,3363.0,13738017495,4085269,1012,3373.0,1398-01-11
2019-04-06,3380.0,3531.0,3373.0,3518.0,38426530563,10922377,1431,3531.0,1398-01-17
2019-04-07,3650.0,3650.0,3436.0,3556.0,29566350276,8314245,1955,3481.0,1398-01-18
2019-04-08,3420.0,3520.0,3400.0,3472.0,21577158698,6213897,1084,3453.0,1398-01-19
2019-04-09,3406.0,3570.0,3406.0,3494.0,18566112245,5313991,1033,3500.0,1398-01-20
2019-04-10,3529.0,3668.0,3490.0,3644.0,35337109928,9697129,1711,3653.0,1398-01-21
2019-04-13,3660.0,3811.0,3646.0,3722.0,27222086429,7313334,1382,3699.0,1398-01-24
2019-04-14,3740.0,3750.0,3550.0,3630.0,20029062945,5517046,1102,3648.0,1398-01-25
2019-04-15,3651.0,3776.0,3650.0,3702.0,19323078583,5219171,1133,3672.0,1398-01-26
2019-04-16,3700.0,3700.0,3590.0,3622.0,19766942686,5456768,892,3644.0,1398-01-27
2019-04-17,3622.0,3640.0,3481.0,3536.0,9340791926,2641969,573,3570.0,1398-01-28
2019-04-20,3574.0,3712.0,3512.0,3672.0,21226856620,5781115,1109,3712.0,1398-01-31
2019-04-22,3749.0,3790.0,3570.0,3663.0,18653589066,5092455,887,3600.0,1398-02-02
2019-04-23,3560.0,3630.0,3530.0,3587.0,7302024489,2035549,522,3550.0,1398-02-03
2019-04-24,3541.0,3766.0,3541.0,3754.0,27062699336,7209492,1011,3740.0,1398-02-04
2019-04-27,3860.0,3941.0,3800.0,3896.0,32176426072,8258660,1398,3941.0,1398-02-07
2019-04-28,4030.0,4090.0,3970.0,4064.0,43695561656,10751437,1869,4090.0,1398-02-08
2019-04-29,4189.0,4199.0,3861.0,4087.0,35725905779,8740708,1592,4100.0,1398-02-09
2019-04-30,4100.0,4250.0,3930.0,4059.0,32314801182,7960967,1463,4000.0,1398-02-10
2019-05-01,4000.0,4261.0,3941.0,4225.0,39419990660,9330235,1445,4261.0,1398-02-11
2019-05-04,4435.0,4436.0,4350.0,4428.0,123255915535,27838053,3809,4431.0,1398-02-14
2019-05-05,4598.0,4648.0,4300.0,4479.0,91435448420,20414286,3007,4364.0,1398-02-15
2019-05-06,4370.0,4370.0,4256.0,4287.0,23566301239,5496668,914,4256.0,1398-02-16
2019-05-07,4073.0,4073.0,4073.0,4073.0,4875996023,1197151,199,4073.0,1398-02-17
2019-05-08,3870.0,4069.0,3870.0,3917.0,73698009055,18815207,3096,4058.0,1398-02-18
2019-05-11,4112.0,4112.0,3849.0,4042.0,79801625436,19742780,3246,3890.0,1398-02-21
2019-05-12,3840.0,3840.0,3648.0,3684.0,31586973898,8573738,1482,3689.0,1398-02-22
2019-05-13,3610.0,3798.0,3601.0,3702.0,33861020617,9147816,1506,3790.0,1398-02-23
2019-05-14,3800.0,3887.0,3750.0,3851.0,34829093825,9045116,1445,3887.0,1398-02-24
2019-05-15,3922.0,3965.0,3780.0,3877.0,16645707641,4293152,831,3902.0,1398-02-25
2019-05-18,3901.0,4070.0,3901.0,4054.0,37303739303,9202170,1142,4070.0,1398-02-28
2019-05-19,4139.0,4139.0,3870.0,3991.0,28812304801,7218830,1222,3940.0,1398-02-29
2019-05-20,3899.0,3950.0,3792.0,3834.0,21917689857,5717192,1115,3873.0,1398-02-30
2019-05-21,3900.0,4025.0,3900.0,4019.0,42239608735,10508906,1319,4025.0,1398-02-31
2019-05-22,4150.0,4150.0,3999.0,4084.0,25976987786,6361420,1301,4140.0,1398-03-01
2019-05-25,4130.0,4190.0,4050.0,4116.0,20875659029,5072147,1094,4110.0,1398-03-04
2019-05-26,4179.0,4300.0,4120.0,4216.0,31163268991,7391412,1534,4283.0,1398-03-05
2019-05-28,4380.0,4426.0,4311.0,4401.0,67357778695,15304573,2158,4399.0,1398-03-07
2019-05-29,4390.0,4489.0,4250.0,4326.0,35285338152,8156660,1556,4260.0,1398-03-08
2019-06-01,4200.0,4240.0,4110.0,4159.0,28718856861,6904680,1382,4140.0,1398-03-11
2019-06-02,4150.0,4344.0,4111.0,4271.0,29027652902,6796645,1151,4235.0,1398-03-12
2019-06-03,4340.0,4484.0,4300.0,4414.0,36370329443,8240054,1307,4445.0,1398-03-13
2019-06-08,4634.0,4634.0,4540.0,4632.0,177781257826,38379207,3325,4634.0,1398-03-18
2019-06-09,4863.0,4863.0,4860.0,4863.0,174454923281,35874006,2186,4863.0,1398-03-19
2019-06-10,5106.0,5106.0,4870.0,5060.0,319190180267,63079862,7242,5106.0,1398-03-20
2019-06-11,5060.0,5188.0,4807.0,5003.0,119961187291,23979700,4083,5100.0,1398-03-21
2019-06-12,5100.0,5253.0,4925.0,5133.0,109403072594,21313273,3703,4969.0,1398-03-22
2019-06-15,4900.0,5088.0,4877.0,4924.0,65413801718,13283620,2633,4877.0,1398-03-25
2019-06-16,4821.0,4998.0,4678.0,4766.0,63877495217,13401502,2669,4678.0,1398-03-26
2019-06-17,4650.0,4678.0,4528.0,4552.0,73422473969,16128262,2920,4550.0,1398-03-27
2019-06-18,4520.0,4749.0,4520.0,4644.0,40803079124,8786974,1803,4560.0,1398-03-28
2019-06-19,4640.0,4645.0,4412.0,4450.0,24929895577,5602753,1177,4412.0,1398-03-29
2019-06-22,4228.0,4400.0,4228.0,4237.0,54149244557,12779788,2095,4228.0,1398-04-01
2019-06-23,4220.0,4448.0,4200.0,4389.0,32708605449,7452027,1658,4448.0,1398-04-02
2019-06-24,4608.0,4810.0,4450.0,4570.0,31732885143,6943867,1315,4500.0,1398-04-03
2019-06-26,4620.0,4620.0,4389.0,4415.0,34177662472,7741076,1617,4390.0,1398-04-05
2019-06-30,4479.0,4479.0,4234.0,4311.0,34514870356,8006248,1990,4290.0,1398-04-09
2019-07-01,4312.0,4526.0,4260.0,4469.0,41789621045,9350820,1774,4526.0,1398-04-10
2019-07-02,4559.0,4620.0,4400.0,4493.0,22119547389,4923088,1308,4460.0,1398-04-11
2019-07-03,4550.0,4550.0,4377.0,4417.0,35406902793,8015982,1554,4488.0,1398-04-12
2019-07-06,4470.0,4470.0,4230.0,4273.0,26850508647,6283908,1507,4252.0,1398-04-15
2019-07-07,4201.0,4400.0,4201.0,4292.0,26302533762,6127973,1366,4399.0,1398-04-16
2019-07-08,4475.0,4506.0,4355.0,4459.0,27020738004,6059276,1118,4506.0,1398-04-17
2019-07-09,4681.0,4681.0,4600.0,4672.0,47186311928,10099811,1197,4681.0,1398-04-18
2019-07-10,4870.0,4905.0,4680.0,4850.0,84784467779,17481894,2800,4804.0,1398-04-19
2019-07-13,4904.0,5092.0,4722.0,5002.0,85201238233,17033757,3171,5092.0,1398-04-22
2019-07-14,5180.0,5199.0,4810.0,5023.0,72258333429,14384514,3340,4895.0,1398-04-23
2019-07-15,4949.0,5251.0,4800.0,5053.0,103645348686,20513238,4086,4941.0,1398-04-24
2019-07-16,4942.0,4942.0,4801.0,4809.0,8489594132,1765348,554,4801.0,1398-04-25
2019-07-17,4569.0,4915.0,4569.0,4637.0,60458959593,13038442,2493,4577.0,1398-04-26
2019-07-20,4570.0,4660.0,4406.0,4484.0,29194228734,6511364,1667,4420.0,1398-04-29
2019-07-21,4481.0,4700.0,4362.0,4594.0,29983682140,6526734,1410,4600.0,1398-04-30
2019-07-22,4600.0,4699.0,4480.0,4553.0,31640583191,6948871,1457,4594.0,1398-04-31
2019-07-23,4600.0,4601.0,4352.0,4410.0,24014798496,5445101,1296,4415.0,1398-05-01
2019-07-24,4420.0,4486.0,4326.0,4400.0,17835056679,4053573,1093,4390.0,1398-05-02
2019-07-27,4469.0,4500.0,4415.0,4464.0,14227537232,3187366,977,4425.0,1398-05-05
2019-07-28,4480.0,4687.0,4450.0,4646.0,31079853281,6689452,1293,4687.0,1398-05-06
2019-07-29,4870.0,4870.0,4555.0,4716.0,30757467933,6521741,1526,4687.0,1398-05-07
2019-07-30,4685.0,4780.0,4555.0,4651.0,18180475612,3909179,1031,4630.0,1398-05-08
2019-07-31,4680.0,4713.0,4470.0,4549.0,23230588898,5106357,1319,4570.0,1398-05-09
2019-08-03,4530.0,4620.0,4480.0,4514.0,20549018201,4551860,1093,4529.0,1398-05-12
2019-08-04,4520.0,4688.0,4480.0,4604.0,34901881269,7581190,1406,4630.0,1398-05-13
2019-08-05,4666.0,4788.0,4629.0,4722.0,36816752547,7796287,1516,4742.0,1398-05-14
2019-08-06,4825.0,4850.0,4640.0,4769.0,30707544656,6438608,1672,4818.0,1398-05-15
2019-08-07,4816.0,4847.0,4674.0,4743.0,26815449810,5654035,1512,4700.0,1398-05-16
2019-08-10,4780.0,4840.0,4531.0,4687.0,33191104315,7081920,1747,4775.0,1398-05-19
2019-08-11,4838.0,4921.0,4790.0,4900.0,110360956045,22520701,2845,4920.0,1398-05-20
2019-08-13,5145.0,5200.0,4940.0,5131.0,95196834444,18554254,3409,5100.0,1398-05-22
2019-08-14,5100.0,5387.0,5100.0,5373.0,142745687249,26566623,3859,5387.0,1398-05-23
2019-08-17,5400.0,5555.0,5250.0,5378.0,74909357513,13930044,3365,5350.0,1398-05-26
2019-08-18,5300.0,5305.0,5141.0,5201.0,50749840047,9757839,2599,5150.0,1398-05-27
2019-08-19,5059.0,5280.0,5058.0,5200.0,38938053541,7487642,2052,5245.0,1398-05-28
2019-08-21,5250.0,5389.0,5180.0,5279.0,58449783007,11073175,2414,5212.0,1398-05-30
2019-08-24,5280.0,5542.0,5280.0,5511.0,97888886080,17762494,2905,5523.0,1398-06-02
2019-08-25,5636.0,5695.0,5236.0,5306.0,71423457365,13460140,2833,5268.0,1398-06-03
2019-08-26,5301.0,5518.0,5298.0,5379.0,71693223164,13329590,3012,5490.0,1398-06-04
2019-08-27,5400.0,5647.0,5399.0,5548.0,211080809469,38049708,4325,5510.0,1398-06-05
2019-08-28,5470.0,5825.0,5310.0,5708.0,190426926215,33360614,4269,5825.0,1398-06-06
2019-08-31,5993.0,5993.0,5800.0,5956.0,254083789817,42660503,4523,5993.0,1398-06-09
2019-09-01,5997.0,6150.0,5850.0,6014.0,153020042576,25443145,4799,5915.0,1398-06-10
2019-09-02,5950.0,5995.0,5714.0,5790.0,116686752969,20151659,3595,5789.0,1398-06-11
2019-09-03,5840.0,6079.0,5710.0,5992.0,113552779757,18951890,3720,6075.0,1398-06-12
2019-09-04,6110.0,6137.0,5910.0,6022.0,84646367270,14055726,2993,5960.0,1398-06-13
2019-09-07,5999.0,6100.0,5853.0,5963.0,85159825869,14280414,3463,5910.0,1398-06-16
2019-09-08,5920.0,6020.0,5797.0,5872.0,75463063087,12851660,3196,5890.0,1398-06-17
2019-09-11,5888.0,6094.0,5811.0,5942.0,66245446578,11147805,2420,5940.0,1398-06-20
2019-09-14,6067.0,6239.0,5911.0,6129.0,118535978722,19339688,4169,6208.0,1398-06-23
2019-09-15,6249.0,6389.0,5902.0,6208.0,86540450586,13939983,3247,6290.0,1398-06-24
2019-09-16,6330.0,6515.0,6250.0,6373.0,68721519482,10782476,2933,6274.0,1398-06-25
2019-09-17,6163.0,6305.0,6055.0,6104.0,84956162271,13917024,3240,6055.0,1398-06-26
2019-09-18,5910.0,6054.0,5799.0,5820.0,55614637058,9555912,2071,5799.0,1398-06-27
2019-09-21,5800.0,6042.0,5800.0,5940.0,58767178424,9893053,2219,5865.0,1398-06-30
2019-09-22,5950.0,5999.0,5803.0,5887.0,62092725757,10548069,2948,5999.0,1398-06-31
2019-09-23,5980.0,6096.0,5980.0,6028.0,63599825230,10549929,2174,5990.0,1398-07-01
2019-09-24,6100.0,6211.0,5900.0,6053.0,64185148465,10604473,2461,5980.0,1398-07-02
2019-09-25,6002.0,6245.0,5950.0,6078.0,56840563529,9352361,2569,6079.0,1398-07-03
2019-09-28,6180.0,6381.0,6150.0,6309.0,119308876869,18910946,4411,6381.0,1398-07-06
2019-09-29,6570.0,6624.0,6240.0,6511.0,106010749297,16280870,3690,6624.0,1398-07-07
2019-09-30,6799.0,6836.0,6760.0,6829.0,73879567499,10818393,2357,6836.0,1398-07-08
2019-10-01,7140.0,7156.0,6500.0,6823.0,122557242644,17961308,4505,6600.0,1398-07-09
2019-10-02,6648.0,6800.0,6482.0,6597.0,56188683037,8517447,2389,6570.0,1398-07-10
2019-10-05,6700.0,6750.0,6310.0,6478.0,78602046879,12134339,3334,6350.0,1398-07-13
2019-10-06,6395.0,6719.0,6165.0,6434.0,70524011153,10961647,2832,6620.0,1398-07-14
2019-10-07,6725.0,6755.0,6490.0,6693.0,79761627773,11916725,2534,6600.0,1398-07-15
2019-10-12,6799.0,6799.0,6460.0,6483.0,20805711052,3209356,874,6460.0,1398-07-20
2019-10-13,6310.0,6732.0,6161.0,6370.0,53490961392,8396693,2234,6214.0,1398-07-21
2019-10-14,6130.0,6295.0,6052.0,6066.0,43804116741,7221233,1758,6052.0,1398-07-22
2019-10-15,5860.0,6000.0,5763.0,5816.0,16872494938,2901067,790,5763.0,1398-07-23
2019-10-16,5526.0,5646.0,5526.0,5528.0,43158158193,7807404,1321,5526.0,1398-07-24
2019-10-20,5256.0,5474.0,5252.0,5277.0,11941667762,2263022,473,5252.0,1398-07-28
2019-10-21,5014.0,5344.0,5014.0,5068.0,40341468755,7960162,1648,5150.0,1398-07-29
2019-10-22,5133.0,5321.0,5002.0,5200.0,33264131766,6396358,1332,5128.0,1398-07-30
2019-10-23,5155.0,5155.0,4940.0,4954.0,17809194709,3594825,882,4940.0,1398-08-01
2019-10-26,4730.0,4899.0,4707.0,4715.0,39800491609,8440858,1732,4709.0,1398-08-04
2019-10-28,4698.0,4950.0,4698.0,4939.0,37894822423,7672689,1183,4950.0,1398-08-06
2019-10-30,5145.0,5145.0,5011.0,5087.0,46325540886,9107041,1837,5125.0,1398-08-08
2019-11-04,5163.0,5163.0,4905.0,4948.0,13828042455,2794812,617,4905.0,1398-08-13
2019-11-05,4770.0,5195.0,4770.0,5044.0,67635788303,13407951,1654,5195.0,1398-08-14
2019-11-09,5296.0,5296.0,5296.0,5296.0,14399850480,2719005,211,5296.0,1398-08-18
2019-11-10,5560.0,5560.0,5560.0,5560.0,6395156480,1150208,159,5560.0,1398-08-19
2019-11-11,5838.0,5838.0,5640.0,5822.0,267346411730,45918939,5872,5838.0,1398-08-20
2019-11-13,6106.0,6201.0,5801.0,5936.0,97107923570,16359807,3504,5850.0,1398-08-22
2019-11-16,5820.0,5898.0,5640.0,5688.0,74118484768,13029803,2560,5640.0,1398-08-25
2019-11-17,5404.0,5404.0,5195.0,5352.0,16156038223,3018813,365,5250.0,1398-08-26
2019-11-18,5170.0,5619.0,5170.0,5440.0,38112337771,7006309,989,5619.0,1398-08-27
2019-11-19,5712.0,5712.0,5712.0,5712.0,2355451728,412369,99,5712.0,1398-08-28
2019-11-20,5997.0,5997.0,5997.0,5997.0,4902667440,817520,197,5997.0,1398-08-29
2019-11-23,6296.0,6296.0,6296.0,6296.0,37763867608,5998073,641,6296.0,1398-09-02
2019-11-24,6610.0,6610.0,6610.0,6610.0,12949208130,1959033,356,6610.0,1398-09-03
2019-11-25,6940.0,6940.0,6940.0,6940.0,6551505740,944021,298,6940.0,1398-09-04
2019-11-26,7287.0,7287.0,6807.0,7129.0,397335094762,55734723,10084,6880.0,1398-09-05
2019-11-27,6773.0,6979.0,6773.0,6843.0,191732593453,28020363,5268,6870.0,1398-09-06
2019-11-30,6945.0,7185.0,6890.0,7101.0,119136314347,16777074,2782,7185.0,1398-09-09
2019-12-01,7370.0,7370.0,6980.0,7126.0,162816369785,22848451,4792,7002.0,1398-09-10
2019-12-02,7000.0,7110.0,6770.0,6827.0,192318000428,28169260,5514,6800.0,1398-09-11
2019-12-03,6770.0,7110.0,6628.0,6958.0,86637738194,12452369,2705,6978.0,1398-09-12
2019-12-04,7051.0,7298.0,6932.0,7204.0,97083672756,13476702,3385,7173.0,1398-09-13
2019-12-07,7170.0,7190.0,6850.0,6986.0,132268423402,18932585,4217,6914.0,1398-09-16
2019-12-08,6860.0,7120.0,6700.0,6927.0,94242903974,13605718,3216,6900.0,1398-09-17
2019-12-09,6996.0,7273.0,6967.0,7216.0,130946558097,18145555,3361,7273.0,1398-09-18
2019-12-10,7498.0,7576.0,7000.0,7421.0,141760495530,19102966,3908,7140.0,1398-09-19
2019-12-11,7270.0,7650.0,7072.0,7432.0,84595955536,11383367,2563,7398.0,1398-09-20
2019-12-14,7550.0,7550.0,7257.0,7353.0,84619494709,11508729,2717,7314.0,1398-09-23
2019-12-15,7369.0,7720.0,7369.0,7644.0,178706754080,23379361,3894,7620.0,1398-09-24
2019-12-16,7600.0,7802.0,7421.0,7578.0,91911425090,12129408,2631,7450.0,1398-09-25
2019-12-17,7620.0,7620.0,7230.0,7359.0,102463593284,13922690,3306,7349.0,1398-09-26
2019-12-18,7281.0,7726.0,7281.0,7633.0,141941109457,18596689,3170,7726.0,1398-09-27
2019-12-21,7890.0,7999.0,7693.0,7870.0,92851500671,11797562,2345,7999.0,1398-09-30
2019-12-22,7999.0,8263.0,7999.0,8206.0,132776847921,16180377,2896,8263.0,1398-10-01
2019-12-23,8263.0,8384.0,7796.0,7964.0,142529131549,17896092,3988,7890.0,1398-10-02
2019-12-24,7865.0,8100.0,7605.0,7850.0,73030101482,9302843,2290,7819.0,1398-10-03
2019-12-25,7859.0,7980.0,7576.0,7721.0,75416384977,9767330,2472,7763.0,1398-10-04
2019-12-28,7790.0,8100.0,7790.0,7989.0,66296668935,8298775,2110,7884.0,1398-10-07
2019-12-29,7950.0,7980.0,7646.0,7776.0,80452522798,10346709,2513,7750.0,1398-10-08
2019-12-30,7777.0,8051.0,7777.0,7928.0,98035147191,12365373,2652,7819.0,1398-10-09
2019-12-31,8163.0,8163.0,7532.0,7749.0,100770928341,13004796,2771,7690.0,1398-10-10
2020-01-01,7750.0,7897.0,7480.0,7610.0,69926938884,9188304,2735,7501.0,1398-10-11
2020-01-04,7230.0,7230.0,7230.0,7230.0,1906334100,263670,165,7230.0,1398-10-14
2020-01-05,6869.0,6869.0,6869.0,6869.0,31359306722,4565338,727,6869.0,1398-10-15
2020-01-12,7212.0,7572.0,7212.0,7500.0,8739463344,1165234,176,7572.0,1398-10-22
2020-01-13,7830.0,7875.0,7621.0,7831.0,120844587195,15431211,2284,7874.0,1398-10-23
2020-01-14,7860.0,7860.0,7550.0,7697.0,59249525646,7697857,2015,7680.0,1398-10-24
2020-01-15,7677.0,7849.0,7422.0,7620.0,76645152273,10058306,2306,7737.0,1398-10-25
2020-01-20,8140.0,8402.0,8060.0,8204.0,90432849360,11022861,2733,8165.0,1398-10-30
2020-01-21,8202.0,8202.0,7800.0,7959.0,116855252179,14681746,3117,7800.0,1398-11-01
2020-01-22,7751.0,8142.0,7751.0,8007.0,89017067196,11117173,2333,8100.0,1398-11-02
2020-01-25,8174.0,8407.0,8150.0,8346.0,94967402873,11378401,2346,8407.0,1398-11-05
2020-01-26,8743.0,8763.0,8399.0,8677.0,154465068617,17802390,3734,8749.0,1398-11-06
2020-01-27,8797.0,9110.0,8502.0,9011.0,95360928321,10582404,2047,9110.0,1398-11-07
2020-01-28,9400.0,9461.0,9250.0,9450.0,126455923857,13381312,2794,9461.0,1398-11-08
2020-02-01,9500.0,9500.0,9000.0,9117.0,121986813002,13379914,4227,9022.0,1398-11-12
2020-02-02,9180.0,9300.0,8768.0,9018.0,85081198352,9435034,2458,8998.0,1398-11-13
2020-02-03,9177.0,9468.0,9052.0,9431.0,97702205946,10359429,1765,9468.0,1398-11-14
2020-02-04,9900.0,9900.0,9020.0,9399.0,123157298354,13102873,3089,9570.0,1398-11-15
2020-02-05,9490.0,9868.0,9460.0,9793.0,76795479886,7841498,1330,9868.0,1398-11-16
2020-02-08,10282.0,10282.0,9820.0,10225.0,178251636934,17432138,2954,10282.0,1398-11-19
2020-02-09,10400.0,10520.0,9875.0,10123.0,93394119085,9226270,2570,9948.0,1398-11-20
2020-02-10,9950.0,10101.0,9617.0,9777.0,138374537465,14153327,2673,9990.0,1398-11-21
2020-02-12,10000.0,10265.0,9990.0,10224.0,43962611116,4299887,763,10265.0,1398-11-23
2020-02-15,10735.0,10735.0,10265.0,10719.0,204915569425,19116550,2027,10735.0,1398-11-26
2020-02-16,10811.0,11254.0,10184.0,10903.0,181820033312,16675601,3487,11254.0,1398-11-27
2020-02-17,11400.0,11448.0,11143.0,11392.0,211620888649,18576036,3364,11153.0,1398-11-28
2020-02-18,11395.0,11395.0,10823.0,10976.0,105217840023,9586177,2465,11000.0,1398-11-29
2020-02-19,10823.0,11524.0,10711.0,11457.0,110392950895,9635663,1708,11524.0,1398-11-30
2020-02-22,12029.0,12630.0,12029.0,12491.0,34757177872,2782611,449,12630.0,1398-12-03
2020-02-23,13115.0,13115.0,13115.0,13115.0,117665629140,8971836,872,13115.0,1398-12-04
2020-02-24,13770.0,13770.0,13210.0,13710.0,227139261138,16568003,2093,13770.0,1398-12-05
2020-02-25,14200.0,14395.0,13820.0,14238.0,211451105299,14851018,2713,14395.0,1398-12-06
2020-02-26,14780.0,14949.0,14000.0,14798.0,512802417754,34653181,5299,14870.0,1398-12-07
2020-02-29,14059.0,14890.0,14059.0,14363.0,284853061680,19832004,3388,14451.0,1398-12-10
2020-03-01,14501.0,15081.0,14501.0,15050.0,106103076942,7050143,1040,15081.0,1398-12-11
2020-03-02,15802.0,15802.0,15401.0,15779.0,330621302746,20953376,4391,15802.0,1398-12-12
2020-03-03,16550.0,16550.0,15800.0,16071.0,178585414668,11112124,3896,15820.0,1398-12-13
2020-03-07,15400.0,16170.0,14630.0,15002.0,141843449040,9455052,2875,15000.0,1398-12-17
2020-03-09,14253.0,14852.0,14252.0,14642.0,22957961866,1610329,572,14252.0,1398-12-19
2020-03-10,13910.0,14460.0,13910.0,13941.0,134092608321,9618289,1851,13910.0,1398-12-20
2020-03-11,13941.0,14638.0,13915.0,14528.0,201486004772,13868553,2322,14638.0,1398-12-21
2020-03-14,14890.0,14890.0,13802.0,13997.0,50164287220,3583976,721,13802.0,1398-12-24
2020-03-15,13298.0,13799.0,13298.0,13341.0,143315457915,10742315,1607,13298.0,1398-12-25
2020-03-16,13201.0,14008.0,13201.0,13963.0,83674214980,5992564,1042,14008.0,1398-12-26
2020-03-17,14500.0,14500.0,13265.0,13888.0,179165229175,12901011,2603,14300.0,1398-12-27
2020-03-18,14500.0,14582.0,14311.0,14547.0,86541994365,5948926,1452,14582.0,1398-12-28
2020-03-24,15000.0,15274.0,14300.0,14957.0,87889651144,5876288,1784,15274.0,1399-01-05
2020-03-25,15649.0,15704.0,15274.0,15265.0,22651771122,1443713,379,15704.0,1399-01-06
2020-03-28,16028.0,16028.0,16028.0,15738.0,32577919764,2032563,282,16028.0,1399-01-09
2020-03-29,16524.0,16524.0,16524.0,16524.0,72900583200,4411800,451,16524.0,1399-01-10
2020-03-30,17350.0,17350.0,17350.0,17232.0,48743107350,2809401,361,17350.0,1399-01-11
2020-04-04,18093.0,18093.0,18093.0,18088.0,52176448656,2883792,334,18093.0,1399-01-16
2020-04-05,18992.0,18992.0,18000.0,18977.0,349042897055,18393181,2728,18992.0,1399-01-17
2020-04-06,19000.0,19925.0,18200.0,19425.0,449981636235,23164681,5138,19925.0,1399-01-18
2020-04-07,20255.0,20396.0,19992.0,20330.0,143350089514,7051100,1745,20396.0,1399-01-19
2020-04-08,20999.0,21330.0,20300.0,20841.0,206479489143,9907511,3115,20530.0,1399-01-20
2020-04-11,20110.0,21000.0,19799.0,20015.0,372397711340,18605902,4081,20000.0,1399-01-23
2020-04-12,21015.0,22065.0,21015.0,21998.0,173486450527,7886387,1378,22065.0,1399-01-24
2020-04-13,23097.0,23097.0,22320.0,23075.0,137520825647,5959724,1142,23097.0,1399-01-25
2020-04-14,23600.0,24780.0,23600.0,24370.0,75713192916,3106803,757,24780.0,1399-01-26
2020-04-15,25588.0,25588.0,25588.0,25287.0,46209932136,1805922,614,25588.0,1399-01-27
2020-04-18,26551.0,26551.0,26551.0,26519.0,51151669744,1926544,358,26551.0,1399-01-30
2020-04-19,27844.0,27844.0,25194.0,26929.0,850035153961,31565589,8804,25194.0,1399-01-31
2020-04-20,27000.0,28275.0,27000.0,28083.0,501462689895,17856183,4814,28275.0,1399-02-01
2020-04-21,28080.0,28480.0,26679.0,27202.0,737702242790,27118987,7762,27999.0,1399-02-02
2020-04-22,28199.0,28562.0,27442.0,28373.0,172690657973,6086512,1650,28562.0,1399-02-03
2020-04-25,29500.0,29791.0,28081.0,29335.0,550652507435,18771448,7836,28900.0,1399-02-06
2020-04-26,28798.0,28798.0,27869.0,27996.0,875259029504,31264166,9271,27900.0,1399-02-07
2020-04-27,28999.0,29200.0,26800.0,28123.0,768793894548,27336989,7634,28100.0,1399-02-08
2020-04-28,29529.0,31005.0,28053.0,28794.0,455550031526,15820751,5274,28053.0,1399-02-09
2020-04-29,28090.0,30233.0,28090.0,29418.0,720895678617,24505318,7512,30233.0,1399-02-10
2020-05-02,30888.0,30888.0,30888.0,30888.0,64414947168,2085436,720,30888.0,1399-02-13
2020-05-03,32432.0,32432.0,32432.0,32432.0,90185770480,2780765,610,32432.0,1399-02-14
2020-05-04,33000.0,34053.0,31000.0,33346.0,703332261970,21091695,6017,34053.0,1399-02-15
2020-05-05,35013.0,35013.0,31679.0,32897.0,502610991235,15278421,5012,31679.0,1399-02-16
2020-05-06,32002.0,34541.0,31400.0,33549.0,368419816972,10981400,4184,34541.0,1399-02-17
2020-05-09,35226.0,35226.0,35226.0,35226.0,108319315932,3074982,1107,35226.0,1399-02-20
2020-05-10,36987.0,36987.0,35226.0,36839.0,563429240498,15294258,4706,36987.0,1399-02-21
2020-05-11,38680.0,38680.0,36100.0,38261.0,567872675019,14842267,5962,38449.0,1399-02-22
2020-05-12,38449.0,38449.0,36348.0,36467.0,449156979161,12316876,3577,36348.0,1399-02-23
2020-05-16,33000.0,34500.0,31350.0,31929.0,273578236173,8568448,4088,31350.0,1399-02-27
2020-05-17,30333.0,33099.0,30333.0,31402.0,294008155682,9362667,4298,32550.0,1399-02-28
2020-05-18,32972.0,32972.0,31900.0,32930.0,178212797774,5411812,2127,32972.0,1399-02-29
2020-05-19,34576.0,34576.0,34575.0,34576.0,126603008526,3661592,1297,34576.0,1399-02-30
2020-05-20,36304.0,36304.0,33000.0,35168.0,370156840259,10525380,5557,34520.0,1399-02-31
2020-05-23,34000.0,35170.0,33410.0,33617.0,339566930611,10100915,3138,33502.0,1399-03-03
2020-05-26,33200.0,33620.0,31937.0,32322.0,151829000000,4697457,1624,31937.0,1399-03-06
2020-05-27,30706.0,32990.0,30706.0,31196.0,284801418812,9129515,4165,31099.0,1399-03-07
2020-05-30,32753.0,32755.0,31900.0,32712.0,60387925994,1846062,954,32755.0,1399-03-10
2020-05-31,33917.0,33917.0,31077.0,31649.0,165181411738,5219131,2137,31077.0,1399-03-11
2020-06-01,30666.0,32764.0,30665.0,31498.0,200912285752,6378609,2954,30700.0,1399-03-12
2020-06-02,31550.0,33072.0,30801.0,32393.0,352768879359,10890277,3949,33072.0,1399-03-13
2020-06-06,34012.0,34012.0,33227.0,34005.0,100719857796,2961931,1206,34012.0,1399-03-17
2020-06-07,35705.0,35705.0,34012.0,35693.0,87771447196,2459087,1222,35000.0,1399-03-18
2020-06-08,37477.0,37477.0,33909.0,35683.0,293900571446,8236337,3918,35351.0,1399-03-19
2020-06-09,35400.0,37467.0,35210.0,37126.0,168640269766,4542360,1574,37467.0,1399-03-20
2020-06-10,38982.0,38982.0,38982.0,38982.0,63468192462,1628141,536,38982.0,1399-03-21
2020-06-13,40930.0,40930.0,40930.0,40930.0,54180146110,1323727,490,40930.0,1399-03-24
2020-06-14,42970.0,42970.0,42970.0,42970.0,113746273730,2647109,733,42970.0,1399-03-25
2020-06-15,45110.0,45110.0,45110.0,45110.0,60136952980,1333118,479,45110.0,1399-03-26
2020-06-16,47360.0,47360.0,47360.0,47360.0,69675937280,1471198,584,47360.0,1399-03-27
2020-06-20,46800.0,48000.0,45000.0,46020.0,849431732550,18458522,9375,45200.0,1399-03-31
2020-06-21,44900.0,48320.0,44750.0,47550.0,561602589200,11811968,3722,48320.0,1399-04-01
2020-06-22,47100.0,49920.0,47100.0,49510.0,207339786840,4187607,1464,49920.0,1399-04-02
2020-06-23,50770.0,51980.0,50000.0,51700.0,1115506626090,21577628,6094,51020.0,1399-04-03
2020-06-24,52500.0,54280.0,52010.0,53630.0,213213178670,3975922,972,54280.0,1399-04-04
2020-06-29,56310.0,56310.0,56310.0,56310.0,107051447790,1901109,690,56310.0,1399-04-09
2020-06-30,59120.0,59120.0,59120.0,59120.0,72689872720,1229531,588,59120.0,1399-04-10
2020-07-01,62070.0,62070.0,62070.0,62070.0,63480851100,1022730,626,62070.0,1399-04-11
2020-07-04,65120.0,65170.0,59000.0,64070.0,1825412140310,28492450,11822,62000.0,1399-04-14
2020-07-05,62220.0,67270.0,62220.0,65810.0,651491039890,9899838,3978,67270.0,1399-04-15
2020-07-06,69100.0,69100.0,63890.0,67540.0,1031536004350,15272166,8753,65860.0,1399-04-16
2020-07-07,64370.0,65120.0,64170.0,64280.0,310657391220,4832708,3819,64170.0,1399-04-17
2020-07-08,61070.0,61070.0,61070.0,61070.0,82040399810,1343383,1296,61070.0,1399-04-18
2020-07-11,58020.0,59000.0,58020.0,58110.0,767523238400,13208635,4830,58900.0,1399-04-21
2020-07-12,60000.0,61010.0,55210.0,59630.0,972033283020,16300667,8610,55210.0,1399-04-22
2020-07-13,56650.0,57000.0,56650.0,56650.0,191663962480,3383197,2213,56650.0,1399-04-23
2020-07-14,55200.0,58850.0,53820.0,55200.0,524623430780,9504394,5515,53820.0,1399-04-24
2020-07-15,52440.0,57960.0,52440.0,55390.0,1270925132850,22943365,10632,57960.0,1399-04-25
2020-07-18,58150.0,58150.0,52630.0,57500.0,330946500390,5755443,3893,57000.0,1399-04-28
2020-07-19,56980.0,60000.0,54630.0,56760.0,1386569251120,24429192,16694,57850.0,1399-04-29
2020-07-20,59500.0,59590.0,57010.0,59180.0,1158137007850,19568817,17165,58900.0,1399-04-30
2020-07-21,59600.0,59600.0,56230.0,57200.0,505106870200,8830844,9589,56230.0,1399-04-31
2020-07-22,54500.0,55500.0,54340.0,54410.0,153579998330,2822811,3643,54340.0,1399-05-01
2020-07-25,53100.0,56000.0,51690.0,53520.0,459887462500,8593517,9024,51690.0,1399-05-04
2020-07-26,50850.0,51500.0,50850.0,50860.0,234852926750,4617950,3878,50850.0,1399-05-05
2020-07-27,48320.0,50490.0,48320.0,48530.0,402502350620,8293790,5242,49800.0,1399-05-06
2020-07-28,50950.0,50950.0,49800.0,50890.0,549280822540,10792680,7188,50950.0,1399-05-07
2020-07-29,52000.0,53430.0,50000.0,52600.0,276298357790,5253054,4471,53430.0,1399-05-08
2020-08-01,55230.0,55230.0,49970.0,52140.0,531522683180,10193441,9489,50200.0,1399-05-11
2020-08-02,49540.0,54740.0,49540.0,49850.0,642545069050,12888935,10382,49540.0,1399-05-12
2020-08-03,49000.0,49200.0,47360.0,47830.0,526219390220,11000823,7400,48650.0,1399-05-13
2020-08-04,48650.0,50220.0,48650.0,50090.0,515535740420,10292387,4645,50220.0,1399-05-14
2020-08-05,52000.0,52000.0,47590.0,48210.0,565675302620,11733318,8789,48000.0,1399-05-15
2020-08-09,49900.0,49900.0,45800.0,46430.0,556458552360,11984327,9235,45800.0,1399-05-19
2020-08-10,45000.0,45000.0,44110.0,44280.0,157060315640,3547221,2478,44110.0,1399-05-20
2020-08-11,42070.0,42070.0,42070.0,42100.0,43080984170,1024031,932,42070.0,1399-05-21
2020-08-12,41020.0,43000.0,40000.0,40610.0,392270416410,9659801,6702,40000.0,1399-05-22
2020-08-15,39600.0,41000.0,38580.0,38850.0,109357288720,2814862,2338,38580.0,1399-05-25
2020-08-16,37020.0,38550.0,36910.0,37030.0,123422698320,3333391,2441,36910.0,1399-05-26
2020-08-18,41000.0,41000.0,38950.0,39450.0,128556695640,3258700,2371,38950.0,1399-05-28
2020-08-19,37480.0,40000.0,37480.0,37930.0,37502483650,998191,1008,37480.0,1399-05-29
2020-08-22,39000.0,39000.0,36040.0,36560.0,187466273190,5127452,3917,36040.0,1399-06-01
2020-08-23,34770.0,35820.0,34740.0,35080.0,38893173810,1117115,914,34740.0,1399-06-02
2020-08-24,33330.0,33330.0,33330.0,34430.0,16230610110,486967,306,33330.0,1399-06-03
2020-08-31,33200.0,36150.0,33200.0,35070.0,123480447100,3521227,1306,36150.0,1399-06-10
2020-09-01,36500.0,36500.0,33320.0,33960.0,108281952810,3188820,1703,33320.0,1399-06-11
2020-09-02,32270.0,32270.0,32270.0,33500.0,12827873590,397517,288,32270.0,1399-06-12
2020-09-05,32000.0,33500.0,31830.0,32250.0,57001340290,1767247,808,31830.0,1399-06-15
2020-09-06,30640.0,31830.0,30640.0,30720.0,99939026570,3253204,1305,30640.0,1399-06-16
2020-09-07,29190.0,29190.0,29190.0,30610.0,3189591300,109270,106,29190.0,1399-06-17
2020-09-08,29080.0,29080.0,29080.0,30570.0,1229037120,42264,74,29080.0,1399-06-18
2020-09-09,29050.0,29050.0,29050.0,30180.0,11047656900,380298,332,29050.0,1399-06-19
2020-09-12,30000.0,31680.0,28680.0,29720.0,130678556900,4396616,2449,28680.0,1399-06-22
2020-09-13,28240.0,28240.0,28240.0,29550.0,5251510400,185960,243,28240.0,1399-06-23
2020-09-19,28080.0,28080.0,28080.0,29240.0,10068505200,358565,252,28080.0,1399-06-29
2020-09-20,27780.0,27780.0,27780.0,29140.0,3184532520,114634,125,27780.0,1399-06-30
2020-09-21,27690.0,27690.0,27690.0,28900.0,7641166260,275954,100,27690.0,1399-06-31
2020-09-22,27460.0,27460.0,27460.0,28770.0,4157004640,151384,123,27460.0,1399-07-01
2020-09-23,27340.0,27340.0,27340.0,28620.0,4743462660,173499,163,27340.0,1399-07-02
2020-09-26,27190.0,27190.0,27190.0,28530.0,2838663190,104401,83,27190.0,1399-07-05
2020-09-27,27110.0,27110.0,27110.0,28500.0,1035032690,38179,32,27110.0,1399-07-06
2020-09-28,27080.0,27080.0,27080.0,28470.0,880533280,32516,29,27080.0,1399-07-07
2020-09-29,27050.0,27050.0,27050.0,28440.0,1010398650,37353,39,27050.0,1399-07-08
2020-09-30,27020.0,27020.0,27020.0,28280.0,5170277000,191350,118,27020.0,1399-07-09
2020-10-03,26870.0,26870.0,26870.0,27940.0,11547328760,429748,263,26870.0,1399-07-12
2020-10-04,26550.0,26550.0,26550.0,27620.0,10664869500,401690,111,26550.0,1399-07-13
2020-10-05,26240.0,26240.0,26240.0,27550.0,2303898240,87801,56,26240.0,1399-07-14
2020-10-06,26180.0,28920.0,26180.0,27310.0,328653486820,12032620,3637,28920.0,1399-07-15
2020-10-07,28670.0,28670.0,27800.0,28630.0,311359102490,10874883,2143,28670.0,1399-07-16
2020-10-10,28500.0,29070.0,27200.0,27830.0,220830293560,7935187,3387,27520.0,1399-07-19
2020-10-11,28000.0,29220.0,26800.0,28740.0,290517209870,10109805,2392,28730.0,1399-07-20
2020-10-12,29000.0,30170.0,28010.0,29710.0,294508557960,9913535,3815,30000.0,1399-07-21
2020-10-13,30000.0,31090.0,28230.0,29360.0,116713030230,3975179,2328,28900.0,1399-07-22
2020-10-14,28030.0,28900.0,27900.0,28020.0,161851534610,5776799,2168,28210.0,1399-07-23
2020-10-18,27310.0,28900.0,26620.0,27270.0,102792169550,3769482,1318,26620.0,1399-07-27
2020-10-19,25910.0,25910.0,25910.0,27100.0,5838792590,225349,108,25910.0,1399-07-28
2020-10-20,25750.0,26950.0,25750.0,26040.0,184777546840,7095556,2367,26740.0,1399-07-29
2020-10-21,25500.0,27200.0,24740.0,25450.0,121727100030,4783106,1561,24740.0,1399-07-30
2020-10-24,24180.0,24180.0,24180.0,25320.0,5037637020,208339,99,24180.0,1399-08-03
2020-10-26,24060.0,24060.0,24060.0,25250.0,2655454080,110368,50,24060.0,1399-08-05
2020-10-27,23990.0,23990.0,23990.0,25230.0,785360630,32737,38,23990.0,1399-08-06
2020-10-28,23970.0,23970.0,23970.0,25160.0,2580945780,107674,77,23970.0,1399-08-07
2020-10-31,23910.0,25100.0,23910.0,24180.0,71748611380,2967297,1193,23910.0,1399-08-10
2020-11-01,22980.0,22980.0,22980.0,24070.0,4114890720,179064,64,22980.0,1399-08-11
2020-11-02,22870.0,22870.0,22870.0,24030.0,1509625830,66009,41,22870.0,1399-08-12
2020-11-04,22830.0,22830.0,22830.0,23960.0,2738549820,119954,80,22830.0,1399-08-14
2020-11-07,22770.0,22770.0,22770.0,23910.0,1808370630,79419,33,22770.0,1399-08-17
2020-11-08,22720.0,22720.0,22720.0,23900.0,375538880,16529,12,22720.0,1399-08-18
2020-11-09,22710.0,22710.0,22710.0,23890.0,234367200,10320,22,22710.0,1399-08-19
2020-11-10,22700.0,22700.0,22700.0,23860.0,1060317000,46710,38,22700.0,1399-08-20
2020-11-11,22670.0,23480.0,22670.0,22780.0,198534538620,8715932,2032,22780.0,1399-08-21
2020-11-14,23750.0,23750.0,21700.0,23130.0,194202835090,8394387,2923,22760.0,1399-08-24
2020-11-15,22900.0,22980.0,21980.0,22370.0,41070432360,1847779,505,21980.0,1399-08-25
2020-11-16,21260.0,22300.0,21260.0,21380.0,151761468540,7097979,1685,21260.0,1399-08-26
2020-11-17,20520.0,22440.0,20340.0,21690.0,270309360880,12463609,4325,22440.0,1399-08-27
2020-11-18,22670.0,22770.0,22010.0,22600.0,98643051750,4364092,1110,22770.0,1399-08-28
2020-11-21,23640.0,23640.0,21470.0,21890.0,231622405780,10579052,2320,21470.0,1399-09-01
2020-11-22,20800.0,21470.0,20800.0,20860.0,96951069660,4647167,1384,20800.0,1399-09-02
2020-11-23,20010.0,21120.0,19820.0,20300.0,281168942990,13851252,4118,20800.0,1399-09-03
2020-11-24,21180.0,21310.0,19570.0,20950.0,224331905270,10706764,3175,21310.0,1399-09-04
2020-11-25,21130.0,21990.0,20500.0,21770.0,159706429610,7336354,2302,21990.0,1399-09-05
2020-11-28,22500.0,22850.0,20690.0,22490.0,103015226300,4581325,929,22850.0,1399-09-08
2020-11-30,25900.0,25970.0,24610.0,25260.0,365283984340,14463601,4926,25140.0,1399-09-10
2020-12-01,25000.0,25450.0,24000.0,24400.0,253924019830,10407111,3771,24000.0,1399-09-11
2020-12-02,23600.0,25620.0,23600.0,25360.0,263575859640,10392111,3276,25620.0,1399-09-12
2020-12-05,26150.0,26620.0,25410.0,26400.0,171215672960,6484423,2540,26620.0,1399-09-15
2020-12-06,27690.0,27690.0,25740.0,26610.0,242435095550,9109655,3937,26100.0,1399-09-16
2020-12-07,25800.0,26500.0,25280.0,25620.0,186749971580,7289896,2648,25280.0,1399-09-17
2020-12-08,24700.0,26300.0,24700.0,25650.0,146398996530,5708511,2392,25350.0,1399-09-18
2020-12-09,25500.0,26930.0,25100.0,26100.0,180622147700,6920212,2880,26930.0,1399-09-19
2020-12-12,27380.0,27400.0,26300.0,27240.0,249341123240,9153341,2761,26750.0,1399-09-22
2020-12-13,26300.0,27600.0,25880.0,26440.0,160257322710,6060915,2452,26020.0,1399-09-23
2020-12-15,24130.0,24300.0,24130.0,24130.0,49335911850,2044578,368,24130.0,1399-09-25
2020-12-16,22930.0,23620.0,22930.0,23040.0,172294262680,7477477,2511,23300.0,1399-09-26
2020-12-19,23960.0,23960.0,22500.0,23410.0,90071933810,3847571,1746,23390.0,1399-09-29
2020-12-20,23880.0,24340.0,22500.0,23220.0,92792597740,3997076,1547,22610.0,1399-09-30
2020-12-21,22590.0,23290.0,22060.0,22390.0,148660211000,6639447,2063,22730.0,1399-10-01
2020-12-22,23000.0,23500.0,22500.0,23300.0,170358425720,7310101,1746,23500.0,1399-10-02
2020-12-23,24420.0,24460.0,23660.0,24280.0,182135390650,7501485,2391,24460.0,1399-10-03
2020-12-26,24800.0,25490.0,24000.0,25310.0,231677497490,9152162,3168,25490.0,1399-10-06
2020-12-27,25600.0,25700.0,24370.0,25130.0,185394314940,7377116,2796,25650.0,1399-10-07
2020-12-28,25510.0,26000.0,24200.0,24860.0,145905709120,5868589,2501,24610.0,1399-10-08
2021-01-02,23620.0,23620.0,23620.0,24360.0,19171385580,811659,120,23620.0,1399-10-13
2021-01-03,23150.0,24350.0,23150.0,23270.0,277359554830,11917180,2693,23700.0,1399-10-14
2021-01-04,24200.0,24400.0,22250.0,23640.0,135768409070,5742022,2510,23390.0,1399-10-15
2021-01-05,23700.0,23700.0,22460.0,22730.0,165429432490,7279468,2511,22460.0,1399-10-16
2021-01-06,22690.0,22690.0,21600.0,21720.0,126264975880,5812393,1912,21600.0,1399-10-17
2021-01-09,20700.0,22600.0,20650.0,21810.0,179051403430,8210098,2876,21600.0,1399-10-20
2021-01-18,20720.0,20720.0,20720.0,21420.0,16850726480,813259,76,20720.0,1399-10-29
2021-01-19,20350.0,20350.0,20350.0,21010.0,17740824750,871785,175,20350.0,1399-10-30
2021-01-20,19960.0,19960.0,19960.0,20610.0,17329212120,868197,371,19960.0,1399-11-01
2021-01-23,19580.0,21200.0,19580.0,20300.0,295619807170,14563711,5127,20720.0,1399-11-04
2021-01-24,21300.0,21310.0,19290.0,20300.0,209325283410,10311489,4029,19500.0,1399-11-05
2021-01-25,20170.0,20880.0,19290.0,19710.0,111318858000,5648639,1750,19390.0,1399-11-06
2021-01-26,19600.0,19600.0,18730.0,18810.0,50064638790,2661794,821,18730.0,1399-11-07
2021-01-27,17870.0,19200.0,17870.0,18060.0,169534340110,9389227,2736,17910.0,1399-11-08
2021-01-30,18780.0,18780.0,17510.0,18220.0,104641909370,5744155,2210,18600.0,1399-11-11
2021-01-31,18600.0,19130.0,17600.0,18500.0,101498277320,5486707,1747,18200.0,1399-11-12
2021-02-01,18000.0,19420.0,17860.0,19270.0,193826957760,10058414,1726,19420.0,1399-11-13
2021-02-02,19200.0,19940.0,18340.0,19230.0,115001995900,5981895,1813,18750.0,1399-11-14
2021-02-03,18770.0,19500.0,18270.0,18590.0,40231472650,2183773,417,18270.0,1399-11-15
2021-02-06,17670.0,17670.0,17670.0,18530.0,2909100450,164635,101,17670.0,1399-11-18
2021-02-07,17610.0,19200.0,17610.0,17970.0,131758754200,7330171,2393,17890.0,1399-11-19
2021-02-08,18200.0,18200.0,17080.0,17220.0,173892608200,10098260,2215,17320.0,1399-11-20
2021-02-09,17450.0,17800.0,16610.0,17110.0,151096216900,8833264,2153,17600.0,1399-11-21
2021-02-13,18050.0,18130.0,17470.0,17890.0,111888895800,6254316,1275,18130.0,1399-11-25
2021-02-14,18830.0,18850.0,17550.0,18460.0,111415645080,6036654,1482,18190.0,1399-11-26
2021-02-15,18780.0,19220.0,18130.0,18440.0,63010213420,3416374,1213,18300.0,1399-11-27
2021-02-16,18120.0,18490.0,18080.0,18140.0,65116304110,3589554,1072,18200.0,1399-11-28
2021-02-17,18140.0,18400.0,17780.0,17870.0,70786310300,3961061,989,17780.0,1399-11-29
2021-02-20,17520.0,18100.0,17520.0,17570.0,70056763430,3987231,1030,17520.0,1399-12-02
2021-02-21,17570.0,17700.0,17220.0,17320.0,36900053090,2139579,622,17220.0,1399-12-03
2021-02-22,16980.0,18290.0,16980.0,17660.0,139915547300,7922823,2945,18200.0,1399-12-04
2021-02-23,18300.0,18710.0,17810.0,18490.0,171336999100,9264172,3256,18710.0,1399-12-05
2021-02-24,18800.0,19100.0,18130.0,18250.0,119376289980,6540661,1669,18130.0,1399-12-06
2021-02-27,17890.0,18050.0,17890.0,18070.0,26944352320,1503581,563,17890.0,1399-12-09
2021-02-28,17710.0,17710.0,17710.0,18050.0,2536107420,143202,48,17710.0,1399-12-10
2021-03-01,17690.0,17690.0,17690.0,18040.0,946131960,53484,60,17690.0,1399-12-11
2021-03-02,17680.0,17680.0,17680.0,18000.0,5620507360,317902,89,17680.0,1399-12-12
2021-03-03,17640.0,17640.0,17640.0,17950.0,7210155960,408739,108,17640.0,1399-12-13
2021-03-06,17600.0,17600.0,17600.0,17910.0,6258296000,355585,46,17600.0,1399-12-16
2021-03-07,17560.0,17560.0,17560.0,17890.0,2703871240,153979,44,17560.0,1399-12-17
2021-03-08,17540.0,17970.0,17540.0,17570.0,76584192500,4359926,1289,17540.0,1399-12-18
2021-03-09,17900.0,17900.0,17220.0,17400.0,81181224620,4665994,1598,17220.0,1399-12-19
2021-03-10,17110.0,17300.0,17060.0,17140.0,36317446180,2128187,645,17060.0,1399-12-20
2021-03-15,17460.0,18100.0,17110.0,17570.0,61129344880,3478223,1263,17560.0,1399-12-25
2021-03-27,18620.0,18620.0,18620.0,18620.0,56607611620,3040151,431,18620.0,1400-01-07
2021-03-28,19300.0,19730.0,18310.0,19430.0,149292436330,7684845,1956,19730.0,1400-01-08
2021-03-30,19790.0,20590.0,19790.0,20310.0,154354873980,7600200,2893,20000.0,1400-01-10
2021-03-31,19960.0,20190.0,19910.0,20050.0,39595986440,1986671,646,19910.0,1400-01-11
2021-04-03,19650.0,20870.0,19650.0,20020.0,121143653760,6052374,2139,19650.0,1400-01-14
2021-04-04,19620.0,19930.0,19620.0,19790.0,29794298090,1517424,308,19620.0,1400-01-15
2021-04-05,19400.0,19400.0,19400.0,19670.0,15317076000,789540,74,19400.0,1400-01-16
2021-04-06,19280.0,19590.0,19280.0,19600.0,8960756040,464403,176,19280.0,1400-01-17
2021-04-07,19210.0,19210.0,19210.0,19590.0,1201470240,62544,20,19210.0,1400-01-18
2021-04-10,19200.0,19200.0,19200.0,19590.0,297024000,15470,8,19200.0,1400-01-21
2021-04-11,19200.0,19200.0,19200.0,19550.0,4534137600,236153,24,19200.0,1400-01-22
2021-04-12,19160.0,19160.0,19160.0,19550.0,556195640,29029,13,19160.0,1400-01-23
2021-04-13,19160.0,19160.0,19160.0,19530.0,2107657480,110003,25,19160.0,1400-01-24
2021-04-14,19140.0,19140.0,19140.0,19520.0,725654820,37913,14,19140.0,1400-01-25
2021-04-17,19130.0,19130.0,19130.0,19520.0,93239620,4874,7,19130.0,1400-01-28
2021-04-18,19130.0,19130.0,19130.0,19520.0,19130000,1000,2,19130.0,1400-01-29
2021-04-19,19130.0,19130.0,19130.0,19520.0,20545620,1074,2,19130.0,1400-01-30
2021-04-20,19130.0,19130.0,19130.0,19520.0,120423350,6295,5,19130.0,1400-01-31
2021-04-21,18940.0,18940.0,18940.0,19520.0,20208980,1067,2,18940.0,1400-02-01
2021-04-24,18940.0,18940.0,18940.0,19520.0,114605940,6051,8,18940.0,1400-02-04
2021-04-25,18940.0,18940.0,18940.0,19520.0,158338400,8360,4,18940.0,1400-02-05
2021-04-26,18940.0,18940.0,18940.0,19520.0,11364000,600,2,18940.0,1400-02-06
2021-04-27,18940.0,18940.0,18940.0,19520.0,197638900,10435,11,18940.0,1400-02-07
2021-04-28,18940.0,18940.0,18940.0,19520.0,198131340,10461,7,18940.0,1400-02-08
2021-05-01,18940.0,18940.0,18940.0,19520.0,108620900,5735,4,18940.0,1400-02-11
2021-05-02,18940.0,18940.0,18940.0,19520.0,107598140,5681,1,18940.0,1400-02-12
2021-05-03,18940.0,18940.0,18940.0,19520.0,46535580,2457,4,18940.0,1400-02-13
2021-05-05,18940.0,18940.0,18940.0,19520.0,63676280,3362,6,18940.0,1400-02-15
2021-05-08,18940.0,18940.0,18940.0,19520.0,357000060,18849,11,18940.0,1400-02-18
